100 100 6
1,3 2,47 2,56 2,71 2,99 3,34 4,41 8,13 9,53 9,65 9,85 10,51 10,55 10,71 15,53 15,60 18,72 22,48 24,48 24,54 25,67 26,79 27,53 29,11 31,82 32,89 32,94 34,91 37,56 37,95 37,96 38,7 38,58 39,96 40,3 40,60 40,73 40,86 40,93 43,55 44,37 46,32 47,87 48,1 48,75 50,71 50,79 52,66 52,71 53,96 54,29 55,71 56,26 56,31 56,90 56,99 57,99 58,67 58,98 59,78 60,45 60,50 63,61 65,76 65,100 67,4 69,18 70,5 70,81 71,69 71,79 72,72 74,16 77,5 77,39 78,59 80,97 81,7 81,11 83,24 83,39 84,40 84,77 85,6 85,38 86,55 88,89 89,84 90,70 91,24 91,79 92,28 93,26 95,3 96,38 96,59 97,15 98,30 100,30 
1,42 3,89 7,16 7,80 8,36 8,80 9,20 9,35 9,81 10,46 11,67 11,73 13,35 16,69 18,22 18,87 19,57 20,98 21,68 24,2 24,79 26,52 26,69 28,33 28,45 29,59 30,53 32,91 34,32 34,36 36,74 36,95 40,94 41,27 43,53 43,98 44,63 47,30 47,45 48,14 49,81 49,96 50,43 51,51 52,57 54,41 55,90 56,13 56,49 59,25 59,52 60,8 61,23 62,71 63,48 64,98 65,56 66,10 66,48 67,70 67,75 68,27 68,30 69,37 70,76 72,30 74,31 75,8 75,60 76,57 79,74 81,17 81,43 82,76 85,16 86,33 86,79 87,6 87,16 87,94 89,31 90,22 90,38 91,40 92,71 94,27 94,88 95,9 96,22 96,24 96,82 96,93 97,36 98,7 98,31 98,66 100,7 100,48 100,61 
1,3 2,47 2,56 2,71 2,99 3,34 4,41 8,13 9,53 9,65 9,85 10,51 10,55 10,71 15,53 15,60 18,72 22,48 24,48 24,54 25,67 26,79 27,53 29,11 31,82 32,89 32,94 34,91 37,56 37,95 37,96 38,7 38,58 39,96 40,3 40,60 40,73 40,86 40,93 43,55 44,37 46,32 47,87 48,1 48,75 50,71 50,79 52,66 52,71 53,96 54,29 55,71 56,26 56,31 56,90 56,99 57,99 58,67 58,98 59,78 60,45 60,50 63,61 65,76 65,100 67,4 69,18 70,5 70,81 71,69 71,79 72,72 74,16 77,5 77,39 78,59 80,97 81,7 81,11 83,24 83,39 84,40 84,77 85,6 85,38 86,55 88,89 89,84 90,70 91,24 91,79 92,28 93,26 95,3 96,38 96,59 97,15 98,30 100,30 
5,94 6,40 8,44 9,67 11,33 12,20 14,4 14,34 14,46 16,9 18,94 19,41 20,13 20,74 21,44 21,54 21,58 21,63 22,67 24,60 25,14 25,96 26,7 26,35 28,58 30,11 30,83 30,100 31,45 32,4 35,61 36,38 38,9 39,81 41,11 41,65 42,53 44,29 46,3 46,29 46,57 46,73 47,30 47,82 48,61 48,95 49,61 52,78 54,51 54,57 54,68 55,84 57,76 58,98 59,62 60,36 60,71 63,90 65,71 66,17 67,88 71,39 72,4 72,68 72,100 73,21 73,59 73,84 75,26 76,96 77,13 77,63 77,69 79,36 79,86 82,29 82,76 82,82 82,98 82,100 83,94 86,6 86,84 89,58 92,93 94,24 94,36 94,41 94,53 94,99 95,83 96,17 96,80 96,92 97,54 98,39 99,57 99,64 100,93 
1,3 2,47 2,56 2,71 2,99 3,34 4,41 8,13 9,53 9,65 9,85 10,51 10,55 10,71 15,53 15,60 18,72 22,48 24,48 24,54 25,67 26,79 27,53 29,11 31,82 32,89 32,94 34,91 37,56 37,95 37,96 38,7 38,58 39,96 40,3 40,60 40,73 40,86 40,93 43,55 44,37 46,32 47,87 48,1 48,75 50,71 50,79 52,66 52,71 53,96 54,29 55,71 56,26 56,31 56,90 56,99 57,99 58,67 58,98 59,78 60,45 60,50 63,61 65,76 65,100 67,4 69,18 70,5 70,81 71,69 71,79 72,72 74,16 77,5 77,39 78,59 80,97 81,7 81,11 83,24 83,39 84,40 84,77 85,6 85,38 86,55 88,89 89,84 90,70 91,24 91,79 92,28 93,26 95,3 96,38 96,59 97,15 98,30 100,30 
5,94 6,40 8,44 9,67 11,33 12,20 14,4 14,34 14,46 16,9 18,94 19,41 20,13 20,74 21,44 21,54 21,58 21,63 22,67 24,60 25,14 25,96 26,7 26,35 28,58 30,11 30,83 30,100 31,45 32,4 35,61 36,38 38,9 39,81 41,11 41,65 42,53 44,29 46,3 46,29 46,57 46,73 47,30 47,82 48,61 48,95 49,61 52,78 54,51 54,57 54,68 55,84 57,76 58,98 59,62 60,36 60,71 63,90 65,71 66,17 67,88 71,39 72,4 72,68 72,100 73,21 73,59 73,84 75,26 76,96 77,13 77,63 77,69 79,36 79,86 82,29 82,76 82,82 82,98 82,100 83,94 86,6 86,84 89,58 92,93 94,24 94,36 94,41 94,53 94,99 95,83 96,17 96,80 96,92 97,54 98,39 99,57 99,64 100,93 
1,69 2,21 2,67 3,62 4,48 4,55 4,91 5,6 5,48 5,50 5,59 6,46 8,1 8,58 11,32 11,57 11,82 12,50 14,78 15,9 15,74 15,86 17,60 17,100 18,14 18,43 18,57 22,26 22,93 24,39 25,9 25,16 26,32 31,3 34,28 36,42 37,100 38,83 41,20 41,85 43,28 44,70 47,73 50,52 51,56 52,56 52,72 54,23 54,45 54,58 55,7 55,44 55,96 56,49 56,61 57,23 59,84 61,17 61,41 63,1 63,19 63,72 65,14 65,42 67,38 67,86 68,76 69,36 72,5 72,23 72,88 73,29 73,66 73,90 74,6 74,8 75,71 75,75 77,47 79,78 79,98 80,42 81,4 81,88 85,33 85,53 85,82 94,13 95,58 97,27 97,64 97,78 97,97 99,10 100,23 100,26 100,71 100,72 100,89 
1,69 2,21 2,67 3,62 4,48 4,55 4,91 5,6 5,48 5,50 5,59 6,46 8,1 8,58 11,32 11,57 11,82 12,50 14,78 15,9 15,74 15,86 17,60 17,100 18,14 18,43 18,57 22,26 22,93 24,39 25,9 25,16 26,32 31,3 34,28 36,42 37,100 38,83 41,20 41,85 43,28 44,70 47,73 50,52 51,56 52,56 52,72 54,23 54,45 54,58 55,7 55,44 55,96 56,49 56,61 57,23 59,84 61,17 61,41 63,1 63,19 63,72 65,14 65,42 67,38 67,86 68,76 69,36 72,5 72,23 72,88 73,29 73,66 73,90 74,6 74,8 75,71 75,75 77,47 79,78 79,98 80,42 81,4 81,88 85,33 85,53 85,82 94,13 95,58 97,27 97,64 97,78 97,97 99,10 100,23 100,26 100,71 100,72 100,89 
5,94 6,40 8,44 9,67 11,33 12,20 14,4 14,34 14,46 16,9 18,94 19,41 20,13 20,74 21,44 21,54 21,58 21,63 22,67 24,60 25,14 25,96 26,7 26,35 28,58 30,11 30,83 30,100 31,45 32,4 35,61 36,38 38,9 39,81 41,11 41,65 42,53 44,29 46,3 46,29 46,57 46,73 47,30 47,82 48,61 48,95 49,61 52,78 54,51 54,57 54,68 55,84 57,76 58,98 59,62 60,36 60,71 63,90 65,71 66,17 67,88 71,39 72,4 72,68 72,100 73,21 73,59 73,84 75,26 76,96 77,13 77,63 77,69 79,36 79,86 82,29 82,76 82,82 82,98 82,100 83,94 86,6 86,84 89,58 92,93 94,24 94,36 94,41 94,53 94,99 95,83 96,17 96,80 96,92 97,54 98,39 99,57 99,64 100,93 
1,3 2,47 2,56 2,71 2,99 3,34 4,41 8,13 9,53 9,65 9,85 10,51 10,55 10,71 15,53 15,60 18,72 22,48 24,48 24,54 25,67 26,79 27,53 29,11 31,82 32,89 32,94 34,91 37,56 37,95 37,96 38,7 38,58 39,96 40,3 40,60 40,73 40,86 40,93 43,55 44,37 46,32 47,87 48,1 48,75 50,71 50,79 52,66 52,71 53,96 54,29 55,71 56,26 56,31 56,90 56,99 57,99 58,67 58,98 59,78 60,45 60,50 63,61 65,76 65,100 67,4 69,18 70,5 70,81 71,69 71,79 72,72 74,16 77,5 77,39 78,59 80,97 81,7 81,11 83,24 83,39 84,40 84,77 85,6 85,38 86,55 88,89 89,84 90,70 91,24 91,79 92,28 93,26 95,3 96,38 96,59 97,15 98,30 100,30 
5,94 6,40 8,44 9,67 11,33 12,20 14,4 14,34 14,46 16,9 18,94 19,41 20,13 20,74 21,44 21,54 21,58 21,63 22,67 24,60 25,14 25,96 26,7 26,35 28,58 30,11 30,83 30,100 31,45 32,4 35,61 36,38 38,9 39,81 41,11 41,65 42,53 44,29 46,3 46,29 46,57 46,73 47,30 47,82 48,61 48,95 49,61 52,78 54,51 54,57 54,68 55,84 57,76 58,98 59,62 60,36 60,71 63,90 65,71 66,17 67,88 71,39 72,4 72,68 72,100 73,21 73,59 73,84 75,26 76,96 77,13 77,63 77,69 79,36 79,86 82,29 82,76 82,82 82,98 82,100 83,94 86,6 86,84 89,58 92,93 94,24 94,36 94,41 94,53 94,99 95,83 96,17 96,80 96,92 97,54 98,39 99,57 99,64 100,93 
5,94 6,40 8,44 9,67 11,33 12,20 14,4 14,34 14,46 16,9 18,94 19,41 20,13 20,74 21,44 21,54 21,58 21,63 22,67 24,60 25,14 25,96 26,7 26,35 28,58 30,11 30,83 30,100 31,45 32,4 35,61 36,38 38,9 39,81 41,11 41,65 42,53 44,29 46,3 46,29 46,57 46,73 47,30 47,82 48,61 48,95 49,61 52,78 54,51 54,57 54,68 55,84 57,76 58,98 59,62 60,36 60,71 63,90 65,71 66,17 67,88 71,39 72,4 72,68 72,100 73,21 73,59 73,84 75,26 76,96 77,13 77,63 77,69 79,36 79,86 82,29 82,76 82,82 82,98 82,100 83,94 86,6 86,84 89,58 92,93 94,24 94,36 94,41 94,53 94,99 95,83 96,17 96,80 96,92 97,54 98,39 99,57 99,64 100,93 
1,69 2,21 2,67 3,62 4,48 4,55 4,91 5,6 5,48 5,50 5,59 6,46 8,1 8,58 11,32 11,57 11,82 12,50 14,78 15,9 15,74 15,86 17,60 17,100 18,14 18,43 18,57 22,26 22,93 24,39 25,9 25,16 26,32 31,3 34,28 36,42 37,100 38,83 41,20 41,85 43,28 44,70 47,73 50,52 51,56 52,56 52,72 54,23 54,45 54,58 55,7 55,44 55,96 56,49 56,61 57,23 59,84 61,17 61,41 63,1 63,19 63,72 65,14 65,42 67,38 67,86 68,76 69,36 72,5 72,23 72,88 73,29 73,66 73,90 74,6 74,8 75,71 75,75 77,47 79,78 79,98 80,42 81,4 81,88 85,33 85,53 85,82 94,13 95,58 97,27 97,64 97,78 97,97 99,10 100,23 100,26 100,71 100,72 100,89 
1,9 1,24 1,55 1,84 3,9 3,17 3,96 4,94 6,28 7,24 7,35 7,89 8,9 11,50 13,5 14,15 14,81 16,4 21,16 22,18 22,72 24,32 26,37 27,73 28,1 28,25 28,49 28,87 31,64 32,19 32,43 32,97 35,12 35,63 37,59 38,27 38,91 40,89 40,92 41,86 42,71 45,36 45,37 50,39 50,46 50,66 51,55 52,8 52,42 52,62 54,1 56,2 56,29 57,42 59,17 61,55 62,98 63,37 63,90 64,76 66,13 67,19 68,7 68,79 69,65 69,82 70,43 71,7 72,5 72,60 72,72 73,88 74,60 75,64 77,45 78,11 78,27 78,78 81,42 83,87 85,26 86,72 86,76 87,17 87,40 87,42 87,67 87,89 88,69 89,13 89,54 93,47 94,37 95,31 97,35 98,37 98,44 99,90 100,69 
1,42 3,89 7,16 7,80 8,36 8,80 9,20 9,35 9,81 10,46 11,67 11,73 13,35 16,69 18,22 18,87 19,57 20,98 21,68 24,2 24,79 26,52 26,69 28,33 28,45 29,59 30,53 32,91 34,32 34,36 36,74 36,95 40,94 41,27 43,53 43,98 44,63 47,30 47,45 48,14 49,81 49,96 50,43 51,51 52,57 54,41 55,90 56,13 56,49 59,25 59,52 60,8 61,23 62,71 63,48 64,98 65,56 66,10 66,48 67,70 67,75 68,27 68,30 69,37 70,76 72,30 74,31 75,8 75,60 76,57 79,74 81,17 81,43 82,76 85,16 86,33 86,79 87,6 87,16 87,94 89,31 90,22 90,38 91,40 92,71 94,27 94,88 95,9 96,22 96,24 96,82 96,93 97,36 98,7 98,31 98,66 100,7 100,48 100,61 
1,69 2,21 2,67 3,62 4,48 4,55 4,91 5,6 5,48 5,50 5,59 6,46 8,1 8,58 11,32 11,57 11,82 12,50 14,78 15,9 15,74 15,86 17,60 17,100 18,14 18,43 18,57 22,26 22,93 24,39 25,9 25,16 26,32 31,3 34,28 36,42 37,100 38,83 41,20 41,85 43,28 44,70 47,73 50,52 51,56 52,56 52,72 54,23 54,45 54,58 55,7 55,44 55,96 56,49 56,61 57,23 59,84 61,17 61,41 63,1 63,19 63,72 65,14 65,42 67,38 67,86 68,76 69,36 72,5 72,23 72,88 73,29 73,66 73,90 74,6 74,8 75,71 75,75 77,47 79,78 79,98 80,42 81,4 81,88 85,33 85,53 85,82 94,13 95,58 97,27 97,64 97,78 97,97 99,10 100,23 100,26 100,71 100,72 100,89 
1,69 2,21 2,67 3,62 4,48 4,55 4,91 5,6 5,48 5,50 5,59 6,46 8,1 8,58 11,32 11,57 11,82 12,50 14,78 15,9 15,74 15,86 17,60 17,100 18,14 18,43 18,57 22,26 22,93 24,39 25,9 25,16 26,32 31,3 34,28 36,42 37,100 38,83 41,20 41,85 43,28 44,70 47,73 50,52 51,56 52,56 52,72 54,23 54,45 54,58 55,7 55,44 55,96 56,49 56,61 57,23 59,84 61,17 61,41 63,1 63,19 63,72 65,14 65,42 67,38 67,86 68,76 69,36 72,5 72,23 72,88 73,29 73,66 73,90 74,6 74,8 75,71 75,75 77,47 79,78 79,98 80,42 81,4 81,88 85,33 85,53 85,82 94,13 95,58 97,27 97,64 97,78 97,97 99,10 100,23 100,26 100,71 100,72 100,89 
2,4 2,5 3,72 5,18 5,73 6,62 8,78 10,27 10,40 12,84 13,17 15,44 16,56 16,66 17,19 17,61 18,83 19,61 20,59 20,92 21,43 21,50 21,63 21,91 24,4 24,82 24,88 25,47 26,23 26,54 28,59 29,2 29,32 30,5 31,20 32,35 33,3 33,88 33,96 38,47 38,57 39,89 40,94 42,16 43,96 44,13 46,76 47,57 47,95 49,43 50,33 51,83 51,93 52,42 52,57 53,45 54,50 55,58 55,71 55,77 56,13 58,22 59,13 59,42 59,84 61,37 61,90 61,98 62,19 63,41 64,57 64,69 66,77 67,9 67,48 68,6 69,26 69,53 73,50 75,39 76,5 76,22 78,94 79,35 79,87 79,100 80,51 81,50 82,36 82,56 83,69 88,74 92,64 94,72 94,95 95,75 97,64 98,14 98,50 
1,69 2,21 2,67 3,62 4,48 4,55 4,91 5,6 5,48 5,50 5,59 6,46 8,1 8,58 11,32 11,57 11,82 12,50 14,78 15,9 15,74 15,86 17,60 17,100 18,14 18,43 18,57 22,26 22,93 24,39 25,9 25,16 26,32 31,3 34,28 36,42 37,100 38,83 41,20 41,85 43,28 44,70 47,73 50,52 51,56 52,56 52,72 54,23 54,45 54,58 55,7 55,44 55,96 56,49 56,61 57,23 59,84 61,17 61,41 63,1 63,19 63,72 65,14 65,42 67,38 67,86 68,76 69,36 72,5 72,23 72,88 73,29 73,66 73,90 74,6 74,8 75,71 75,75 77,47 79,78 79,98 80,42 81,4 81,88 85,33 85,53 85,82 94,13 95,58 97,27 97,64 97,78 97,97 99,10 100,23 100,26 100,71 100,72 100,89 
1,9 1,24 1,55 1,84 3,9 3,17 3,96 4,94 6,28 7,24 7,35 7,89 8,9 11,50 13,5 14,15 14,81 16,4 21,16 22,18 22,72 24,32 26,37 27,73 28,1 28,25 28,49 28,87 31,64 32,19 32,43 32,97 35,12 35,63 37,59 38,27 38,91 40,89 40,92 41,86 42,71 45,36 45,37 50,39 50,46 50,66 51,55 52,8 52,42 52,62 54,1 56,2 56,29 57,42 59,17 61,55 62,98 63,37 63,90 64,76 66,13 67,19 68,7 68,79 69,65 69,82 70,43 71,7 72,5 72,60 72,72 73,88 74,60 75,64 77,45 78,11 78,27 78,78 81,42 83,87 85,26 86,72 86,76 87,17 87,40 87,42 87,67 87,89 88,69 89,13 89,54 93,47 94,37 95,31 97,35 98,37 98,44 99,90 100,69 
5,94 6,40 8,44 9,67 11,33 12,20 14,4 14,34 14,46 16,9 18,94 19,41 20,13 20,74 21,44 21,54 21,58 21,63 22,67 24,60 25,14 25,96 26,7 26,35 28,58 30,11 30,83 30,100 31,45 32,4 35,61 36,38 38,9 39,81 41,11 41,65 42,53 44,29 46,3 46,29 46,57 46,73 47,30 47,82 48,61 48,95 49,61 52,78 54,51 54,57 54,68 55,84 57,76 58,98 59,62 60,36 60,71 63,90 65,71 66,17 67,88 71,39 72,4 72,68 72,100 73,21 73,59 73,84 75,26 76,96 77,13 77,63 77,69 79,36 79,86 82,29 82,76 82,82 82,98 82,100 83,94 86,6 86,84 89,58 92,93 94,24 94,36 94,41 94,53 94,99 95,83 96,17 96,80 96,92 97,54 98,39 99,57 99,64 100,93 
1,3 2,47 2,56 2,71 2,99 3,34 4,41 8,13 9,53 9,65 9,85 10,51 10,55 10,71 15,53 15,60 18,72 22,48 24,48 24,54 25,67 26,79 27,53 29,11 31,82 32,89 32,94 34,91 37,56 37,95 37,96 38,7 38,58 39,96 40,3 40,60 40,73 40,86 40,93 43,55 44,37 46,32 47,87 48,1 48,75 50,71 50,79 52,66 52,71 53,96 54,29 55,71 56,26 56,31 56,90 56,99 57,99 58,67 58,98 59,78 60,45 60,50 63,61 65,76 65,100 67,4 69,18 70,5 70,81 71,69 71,79 72,72 74,16 77,5 77,39 78,59 80,97 81,7 81,11 83,24 83,39 84,40 84,77 85,6 85,38 86,55 88,89 89,84 90,70 91,24 91,79 92,28 93,26 95,3 96,38 96,59 97,15 98,30 100,30 
1,42 3,89 7,16 7,80 8,36 8,80 9,20 9,35 9,81 10,46 11,67 11,73 13,35 16,69 18,22 18,87 19,57 20,98 21,68 24,2 24,79 26,52 26,69 28,33 28,45 29,59 30,53 32,91 34,32 34,36 36,74 36,95 40,94 41,27 43,53 43,98 44,63 47,30 47,45 48,14 49,81 49,96 50,43 51,51 52,57 54,41 55,90 56,13 56,49 59,25 59,52 60,8 61,23 62,71 63,48 64,98 65,56 66,10 66,48 67,70 67,75 68,27 68,30 69,37 70,76 72,30 74,31 75,8 75,60 76,57 79,74 81,17 81,43 82,76 85,16 86,33 86,79 87,6 87,16 87,94 89,31 90,22 90,38 91,40 92,71 94,27 94,88 95,9 96,22 96,24 96,82 96,93 97,36 98,7 98,31 98,66 100,7 100,48 100,61 
1,69 2,21 2,67 3,62 4,48 4,55 4,91 5,6 5,48 5,50 5,59 6,46 8,1 8,58 11,32 11,57 11,82 12,50 14,78 15,9 15,74 15,86 17,60 17,100 18,14 18,43 18,57 22,26 22,93 24,39 25,9 25,16 26,32 31,3 34,28 36,42 37,100 38,83 41,20 41,85 43,28 44,70 47,73 50,52 51,56 52,56 52,72 54,23 54,45 54,58 55,7 55,44 55,96 56,49 56,61 57,23 59,84 61,17 61,41 63,1 63,19 63,72 65,14 65,42 67,38 67,86 68,76 69,36 72,5 72,23 72,88 73,29 73,66 73,90 74,6 74,8 75,71 75,75 77,47 79,78 79,98 80,42 81,4 81,88 85,33 85,53 85,82 94,13 95,58 97,27 97,64 97,78 97,97 99,10 100,23 100,26 100,71 100,72 100,89 
1,69 2,21 2,67 3,62 4,48 4,55 4,91 5,6 5,48 5,50 5,59 6,46 8,1 8,58 11,32 11,57 11,82 12,50 14,78 15,9 15,74 15,86 17,60 17,100 18,14 18,43 18,57 22,26 22,93 24,39 25,9 25,16 26,32 31,3 34,28 36,42 37,100 38,83 41,20 41,85 43,28 44,70 47,73 50,52 51,56 52,56 52,72 54,23 54,45 54,58 55,7 55,44 55,96 56,49 56,61 57,23 59,84 61,17 61,41 63,1 63,19 63,72 65,14 65,42 67,38 67,86 68,76 69,36 72,5 72,23 72,88 73,29 73,66 73,90 74,6 74,8 75,71 75,75 77,47 79,78 79,98 80,42 81,4 81,88 85,33 85,53 85,82 94,13 95,58 97,27 97,64 97,78 97,97 99,10 100,23 100,26 100,71 100,72 100,89 
1,9 1,24 1,55 1,84 3,9 3,17 3,96 4,94 6,28 7,24 7,35 7,89 8,9 11,50 13,5 14,15 14,81 16,4 21,16 22,18 22,72 24,32 26,37 27,73 28,1 28,25 28,49 28,87 31,64 32,19 32,43 32,97 35,12 35,63 37,59 38,27 38,91 40,89 40,92 41,86 42,71 45,36 45,37 50,39 50,46 50,66 51,55 52,8 52,42 52,62 54,1 56,2 56,29 57,42 59,17 61,55 62,98 63,37 63,90 64,76 66,13 67,19 68,7 68,79 69,65 69,82 70,43 71,7 72,5 72,60 72,72 73,88 74,60 75,64 77,45 78,11 78,27 78,78 81,42 83,87 85,26 86,72 86,76 87,17 87,40 87,42 87,67 87,89 88,69 89,13 89,54 93,47 94,37 95,31 97,35 98,37 98,44 99,90 100,69 
1,69 2,21 2,67 3,62 4,48 4,55 4,91 5,6 5,48 5,50 5,59 6,46 8,1 8,58 11,32 11,57 11,82 12,50 14,78 15,9 15,74 15,86 17,60 17,100 18,14 18,43 18,57 22,26 22,93 24,39 25,9 25,16 26,32 31,3 34,28 36,42 37,100 38,83 41,20 41,85 43,28 44,70 47,73 50,52 51,56 52,56 52,72 54,23 54,45 54,58 55,7 55,44 55,96 56,49 56,61 57,23 59,84 61,17 61,41 63,1 63,19 63,72 65,14 65,42 67,38 67,86 68,76 69,36 72,5 72,23 72,88 73,29 73,66 73,90 74,6 74,8 75,71 75,75 77,47 79,78 79,98 80,42 81,4 81,88 85,33 85,53 85,82 94,13 95,58 97,27 97,64 97,78 97,97 99,10 100,23 100,26 100,71 100,72 100,89 
1,3 2,47 2,56 2,71 2,99 3,34 4,41 8,13 9,53 9,65 9,85 10,51 10,55 10,71 15,53 15,60 18,72 22,48 24,48 24,54 25,67 26,79 27,53 29,11 31,82 32,89 32,94 34,91 37,56 37,95 37,96 38,7 38,58 39,96 40,3 40,60 40,73 40,86 40,93 43,55 44,37 46,32 47,87 48,1 48,75 50,71 50,79 52,66 52,71 53,96 54,29 55,71 56,26 56,31 56,90 56,99 57,99 58,67 58,98 59,78 60,45 60,50 63,61 65,76 65,100 67,4 69,18 70,5 70,81 71,69 71,79 72,72 74,16 77,5 77,39 78,59 80,97 81,7 81,11 83,24 83,39 84,40 84,77 85,6 85,38 86,55 88,89 89,84 90,70 91,24 91,79 92,28 93,26 95,3 96,38 96,59 97,15 98,30 100,30 
1,3 2,47 2,56 2,71 2,99 3,34 4,41 8,13 9,53 9,65 9,85 10,51 10,55 10,71 15,53 15,60 18,72 22,48 24,48 24,54 25,67 26,79 27,53 29,11 31,82 32,89 32,94 34,91 37,56 37,95 37,96 38,7 38,58 39,96 40,3 40,60 40,73 40,86 40,93 43,55 44,37 46,32 47,87 48,1 48,75 50,71 50,79 52,66 52,71 53,96 54,29 55,71 56,26 56,31 56,90 56,99 57,99 58,67 58,98 59,78 60,45 60,50 63,61 65,76 65,100 67,4 69,18 70,5 70,81 71,69 71,79 72,72 74,16 77,5 77,39 78,59 80,97 81,7 81,11 83,24 83,39 84,40 84,77 85,6 85,38 86,55 88,89 89,84 90,70 91,24 91,79 92,28 93,26 95,3 96,38 96,59 97,15 98,30 100,30 
1,9 1,24 1,55 1,84 3,9 3,17 3,96 4,94 6,28 7,24 7,35 7,89 8,9 11,50 13,5 14,15 14,81 16,4 21,16 22,18 22,72 24,32 26,37 27,73 28,1 28,25 28,49 28,87 31,64 32,19 32,43 32,97 35,12 35,63 37,59 38,27 38,91 40,89 40,92 41,86 42,71 45,36 45,37 50,39 50,46 50,66 51,55 52,8 52,42 52,62 54,1 56,2 56,29 57,42 59,17 61,55 62,98 63,37 63,90 64,76 66,13 67,19 68,7 68,79 69,65 69,82 70,43 71,7 72,5 72,60 72,72 73,88 74,60 75,64 77,45 78,11 78,27 78,78 81,42 83,87 85,26 86,72 86,76 87,17 87,40 87,42 87,67 87,89 88,69 89,13 89,54 93,47 94,37 95,31 97,35 98,37 98,44 99,90 100,69 
5,94 6,40 8,44 9,67 11,33 12,20 14,4 14,34 14,46 16,9 18,94 19,41 20,13 20,74 21,44 21,54 21,58 21,63 22,67 24,60 25,14 25,96 26,7 26,35 28,58 30,11 30,83 30,100 31,45 32,4 35,61 36,38 38,9 39,81 41,11 41,65 42,53 44,29 46,3 46,29 46,57 46,73 47,30 47,82 48,61 48,95 49,61 52,78 54,51 54,57 54,68 55,84 57,76 58,98 59,62 60,36 60,71 63,90 65,71 66,17 67,88 71,39 72,4 72,68 72,100 73,21 73,59 73,84 75,26 76,96 77,13 77,63 77,69 79,36 79,86 82,29 82,76 82,82 82,98 82,100 83,94 86,6 86,84 89,58 92,93 94,24 94,36 94,41 94,53 94,99 95,83 96,17 96,80 96,92 97,54 98,39 99,57 99,64 100,93 
1,42 3,89 7,16 7,80 8,36 8,80 9,20 9,35 9,81 10,46 11,67 11,73 13,35 16,69 18,22 18,87 19,57 20,98 21,68 24,2 24,79 26,52 26,69 28,33 28,45 29,59 30,53 32,91 34,32 34,36 36,74 36,95 40,94 41,27 43,53 43,98 44,63 47,30 47,45 48,14 49,81 49,96 50,43 51,51 52,57 54,41 55,90 56,13 56,49 59,25 59,52 60,8 61,23 62,71 63,48 64,98 65,56 66,10 66,48 67,70 67,75 68,27 68,30 69,37 70,76 72,30 74,31 75,8 75,60 76,57 79,74 81,17 81,43 82,76 85,16 86,33 86,79 87,6 87,16 87,94 89,31 90,22 90,38 91,40 92,71 94,27 94,88 95,9 96,22 96,24 96,82 96,93 97,36 98,7 98,31 98,66 100,7 100,48 100,61 
1,3 2,47 2,56 2,71 2,99 3,34 4,41 8,13 9,53 9,65 9,85 10,51 10,55 10,71 15,53 15,60 18,72 22,48 24,48 24,54 25,67 26,79 27,53 29,11 31,82 32,89 32,94 34,91 37,56 37,95 37,96 38,7 38,58 39,96 40,3 40,60 40,73 40,86 40,93 43,55 44,37 46,32 47,87 48,1 48,75 50,71 50,79 52,66 52,71 53,96 54,29 55,71 56,26 56,31 56,90 56,99 57,99 58,67 58,98 59,78 60,45 60,50 63,61 65,76 65,100 67,4 69,18 70,5 70,81 71,69 71,79 72,72 74,16 77,5 77,39 78,59 80,97 81,7 81,11 83,24 83,39 84,40 84,77 85,6 85,38 86,55 88,89 89,84 90,70 91,24 91,79 92,28 93,26 95,3 96,38 96,59 97,15 98,30 100,30 
1,3 2,47 2,56 2,71 2,99 3,34 4,41 8,13 9,53 9,65 9,85 10,51 10,55 10,71 15,53 15,60 18,72 22,48 24,48 24,54 25,67 26,79 27,53 29,11 31,82 32,89 32,94 34,91 37,56 37,95 37,96 38,7 38,58 39,96 40,3 40,60 40,73 40,86 40,93 43,55 44,37 46,32 47,87 48,1 48,75 50,71 50,79 52,66 52,71 53,96 54,29 55,71 56,26 56,31 56,90 56,99 57,99 58,67 58,98 59,78 60,45 60,50 63,61 65,76 65,100 67,4 69,18 70,5 70,81 71,69 71,79 72,72 74,16 77,5 77,39 78,59 80,97 81,7 81,11 83,24 83,39 84,40 84,77 85,6 85,38 86,55 88,89 89,84 90,70 91,24 91,79 92,28 93,26 95,3 96,38 96,59 97,15 98,30 100,30 
2,4 2,5 3,72 5,18 5,73 6,62 8,78 10,27 10,40 12,84 13,17 15,44 16,56 16,66 17,19 17,61 18,83 19,61 20,59 20,92 21,43 21,50 21,63 21,91 24,4 24,82 24,88 25,47 26,23 26,54 28,59 29,2 29,32 30,5 31,20 32,35 33,3 33,88 33,96 38,47 38,57 39,89 40,94 42,16 43,96 44,13 46,76 47,57 47,95 49,43 50,33 51,83 51,93 52,42 52,57 53,45 54,50 55,58 55,71 55,77 56,13 58,22 59,13 59,42 59,84 61,37 61,90 61,98 62,19 63,41 64,57 64,69 66,77 67,9 67,48 68,6 69,26 69,53 73,50 75,39 76,5 76,22 78,94 79,35 79,87 79,100 80,51 81,50 82,36 82,56 83,69 88,74 92,64 94,72 94,95 95,75 97,64 98,14 98,50 
1,3 2,47 2,56 2,71 2,99 3,34 4,41 8,13 9,53 9,65 9,85 10,51 10,55 10,71 15,53 15,60 18,72 22,48 24,48 24,54 25,67 26,79 27,53 29,11 31,82 32,89 32,94 34,91 37,56 37,95 37,96 38,7 38,58 39,96 40,3 40,60 40,73 40,86 40,93 43,55 44,37 46,32 47,87 48,1 48,75 50,71 50,79 52,66 52,71 53,96 54,29 55,71 56,26 56,31 56,90 56,99 57,99 58,67 58,98 59,78 60,45 60,50 63,61 65,76 65,100 67,4 69,18 70,5 70,81 71,69 71,79 72,72 74,16 77,5 77,39 78,59 80,97 81,7 81,11 83,24 83,39 84,40 84,77 85,6 85,38 86,55 88,89 89,84 90,70 91,24 91,79 92,28 93,26 95,3 96,38 96,59 97,15 98,30 100,30 
2,4 2,5 3,72 5,18 5,73 6,62 8,78 10,27 10,40 12,84 13,17 15,44 16,56 16,66 17,19 17,61 18,83 19,61 20,59 20,92 21,43 21,50 21,63 21,91 24,4 24,82 24,88 25,47 26,23 26,54 28,59 29,2 29,32 30,5 31,20 32,35 33,3 33,88 33,96 38,47 38,57 39,89 40,94 42,16 43,96 44,13 46,76 47,57 47,95 49,43 50,33 51,83 51,93 52,42 52,57 53,45 54,50 55,58 55,71 55,77 56,13 58,22 59,13 59,42 59,84 61,37 61,90 61,98 62,19 63,41 64,57 64,69 66,77 67,9 67,48 68,6 69,26 69,53 73,50 75,39 76,5 76,22 78,94 79,35 79,87 79,100 80,51 81,50 82,36 82,56 83,69 88,74 92,64 94,72 94,95 95,75 97,64 98,14 98,50 
5,94 6,40 8,44 9,67 11,33 12,20 14,4 14,34 14,46 16,9 18,94 19,41 20,13 20,74 21,44 21,54 21,58 21,63 22,67 24,60 25,14 25,96 26,7 26,35 28,58 30,11 30,83 30,100 31,45 32,4 35,61 36,38 38,9 39,81 41,11 41,65 42,53 44,29 46,3 46,29 46,57 46,73 47,30 47,82 48,61 48,95 49,61 52,78 54,51 54,57 54,68 55,84 57,76 58,98 59,62 60,36 60,71 63,90 65,71 66,17 67,88 71,39 72,4 72,68 72,100 73,21 73,59 73,84 75,26 76,96 77,13 77,63 77,69 79,36 79,86 82,29 82,76 82,82 82,98 82,100 83,94 86,6 86,84 89,58 92,93 94,24 94,36 94,41 94,53 94,99 95,83 96,17 96,80 96,92 97,54 98,39 99,57 99,64 100,93 
2,4 2,5 3,72 5,18 5,73 6,62 8,78 10,27 10,40 12,84 13,17 15,44 16,56 16,66 17,19 17,61 18,83 19,61 20,59 20,92 21,43 21,50 21,63 21,91 24,4 24,82 24,88 25,47 26,23 26,54 28,59 29,2 29,32 30,5 31,20 32,35 33,3 33,88 33,96 38,47 38,57 39,89 40,94 42,16 43,96 44,13 46,76 47,57 47,95 49,43 50,33 51,83 51,93 52,42 52,57 53,45 54,50 55,58 55,71 55,77 56,13 58,22 59,13 59,42 59,84 61,37 61,90 61,98 62,19 63,41 64,57 64,69 66,77 67,9 67,48 68,6 69,26 69,53 73,50 75,39 76,5 76,22 78,94 79,35 79,87 79,100 80,51 81,50 82,36 82,56 83,69 88,74 92,64 94,72 94,95 95,75 97,64 98,14 98,50 
1,9 1,24 1,55 1,84 3,9 3,17 3,96 4,94 6,28 7,24 7,35 7,89 8,9 11,50 13,5 14,15 14,81 16,4 21,16 22,18 22,72 24,32 26,37 27,73 28,1 28,25 28,49 28,87 31,64 32,19 32,43 32,97 35,12 35,63 37,59 38,27 38,91 40,89 40,92 41,86 42,71 45,36 45,37 50,39 50,46 50,66 51,55 52,8 52,42 52,62 54,1 56,2 56,29 57,42 59,17 61,55 62,98 63,37 63,90 64,76 66,13 67,19 68,7 68,79 69,65 69,82 70,43 71,7 72,5 72,60 72,72 73,88 74,60 75,64 77,45 78,11 78,27 78,78 81,42 83,87 85,26 86,72 86,76 87,17 87,40 87,42 87,67 87,89 88,69 89,13 89,54 93,47 94,37 95,31 97,35 98,37 98,44 99,90 100,69 
1,42 3,89 7,16 7,80 8,36 8,80 9,20 9,35 9,81 10,46 11,67 11,73 13,35 16,69 18,22 18,87 19,57 20,98 21,68 24,2 24,79 26,52 26,69 28,33 28,45 29,59 30,53 32,91 34,32 34,36 36,74 36,95 40,94 41,27 43,53 43,98 44,63 47,30 47,45 48,14 49,81 49,96 50,43 51,51 52,57 54,41 55,90 56,13 56,49 59,25 59,52 60,8 61,23 62,71 63,48 64,98 65,56 66,10 66,48 67,70 67,75 68,27 68,30 69,37 70,76 72,30 74,31 75,8 75,60 76,57 79,74 81,17 81,43 82,76 85,16 86,33 86,79 87,6 87,16 87,94 89,31 90,22 90,38 91,40 92,71 94,27 94,88 95,9 96,22 96,24 96,82 96,93 97,36 98,7 98,31 98,66 100,7 100,48 100,61 
1,9 1,24 1,55 1,84 3,9 3,17 3,96 4,94 6,28 7,24 7,35 7,89 8,9 11,50 13,5 14,15 14,81 16,4 21,16 22,18 22,72 24,32 26,37 27,73 28,1 28,25 28,49 28,87 31,64 32,19 32,43 32,97 35,12 35,63 37,59 38,27 38,91 40,89 40,92 41,86 42,71 45,36 45,37 50,39 50,46 50,66 51,55 52,8 52,42 52,62 54,1 56,2 56,29 57,42 59,17 61,55 62,98 63,37 63,90 64,76 66,13 67,19 68,7 68,79 69,65 69,82 70,43 71,7 72,5 72,60 72,72 73,88 74,60 75,64 77,45 78,11 78,27 78,78 81,42 83,87 85,26 86,72 86,76 87,17 87,40 87,42 87,67 87,89 88,69 89,13 89,54 93,47 94,37 95,31 97,35 98,37 98,44 99,90 100,69 
1,42 3,89 7,16 7,80 8,36 8,80 9,20 9,35 9,81 10,46 11,67 11,73 13,35 16,69 18,22 18,87 19,57 20,98 21,68 24,2 24,79 26,52 26,69 28,33 28,45 29,59 30,53 32,91 34,32 34,36 36,74 36,95 40,94 41,27 43,53 43,98 44,63 47,30 47,45 48,14 49,81 49,96 50,43 51,51 52,57 54,41 55,90 56,13 56,49 59,25 59,52 60,8 61,23 62,71 63,48 64,98 65,56 66,10 66,48 67,70 67,75 68,27 68,30 69,37 70,76 72,30 74,31 75,8 75,60 76,57 79,74 81,17 81,43 82,76 85,16 86,33 86,79 87,6 87,16 87,94 89,31 90,22 90,38 91,40 92,71 94,27 94,88 95,9 96,22 96,24 96,82 96,93 97,36 98,7 98,31 98,66 100,7 100,48 100,61 
5,94 6,40 8,44 9,67 11,33 12,20 14,4 14,34 14,46 16,9 18,94 19,41 20,13 20,74 21,44 21,54 21,58 21,63 22,67 24,60 25,14 25,96 26,7 26,35 28,58 30,11 30,83 30,100 31,45 32,4 35,61 36,38 38,9 39,81 41,11 41,65 42,53 44,29 46,3 46,29 46,57 46,73 47,30 47,82 48,61 48,95 49,61 52,78 54,51 54,57 54,68 55,84 57,76 58,98 59,62 60,36 60,71 63,90 65,71 66,17 67,88 71,39 72,4 72,68 72,100 73,21 73,59 73,84 75,26 76,96 77,13 77,63 77,69 79,36 79,86 82,29 82,76 82,82 82,98 82,100 83,94 86,6 86,84 89,58 92,93 94,24 94,36 94,41 94,53 94,99 95,83 96,17 96,80 96,92 97,54 98,39 99,57 99,64 100,93 
2,4 2,5 3,72 5,18 5,73 6,62 8,78 10,27 10,40 12,84 13,17 15,44 16,56 16,66 17,19 17,61 18,83 19,61 20,59 20,92 21,43 21,50 21,63 21,91 24,4 24,82 24,88 25,47 26,23 26,54 28,59 29,2 29,32 30,5 31,20 32,35 33,3 33,88 33,96 38,47 38,57 39,89 40,94 42,16 43,96 44,13 46,76 47,57 47,95 49,43 50,33 51,83 51,93 52,42 52,57 53,45 54,50 55,58 55,71 55,77 56,13 58,22 59,13 59,42 59,84 61,37 61,90 61,98 62,19 63,41 64,57 64,69 66,77 67,9 67,48 68,6 69,26 69,53 73,50 75,39 76,5 76,22 78,94 79,35 79,87 79,100 80,51 81,50 82,36 82,56 83,69 88,74 92,64 94,72 94,95 95,75 97,64 98,14 98,50 
1,69 2,21 2,67 3,62 4,48 4,55 4,91 5,6 5,48 5,50 5,59 6,46 8,1 8,58 11,32 11,57 11,82 12,50 14,78 15,9 15,74 15,86 17,60 17,100 18,14 18,43 18,57 22,26 22,93 24,39 25,9 25,16 26,32 31,3 34,28 36,42 37,100 38,83 41,20 41,85 43,28 44,70 47,73 50,52 51,56 52,56 52,72 54,23 54,45 54,58 55,7 55,44 55,96 56,49 56,61 57,23 59,84 61,17 61,41 63,1 63,19 63,72 65,14 65,42 67,38 67,86 68,76 69,36 72,5 72,23 72,88 73,29 73,66 73,90 74,6 74,8 75,71 75,75 77,47 79,78 79,98 80,42 81,4 81,88 85,33 85,53 85,82 94,13 95,58 97,27 97,64 97,78 97,97 99,10 100,23 100,26 100,71 100,72 100,89 
1,69 2,21 2,67 3,62 4,48 4,55 4,91 5,6 5,48 5,50 5,59 6,46 8,1 8,58 11,32 11,57 11,82 12,50 14,78 15,9 15,74 15,86 17,60 17,100 18,14 18,43 18,57 22,26 22,93 24,39 25,9 25,16 26,32 31,3 34,28 36,42 37,100 38,83 41,20 41,85 43,28 44,70 47,73 50,52 51,56 52,56 52,72 54,23 54,45 54,58 55,7 55,44 55,96 56,49 56,61 57,23 59,84 61,17 61,41 63,1 63,19 63,72 65,14 65,42 67,38 67,86 68,76 69,36 72,5 72,23 72,88 73,29 73,66 73,90 74,6 74,8 75,71 75,75 77,47 79,78 79,98 80,42 81,4 81,88 85,33 85,53 85,82 94,13 95,58 97,27 97,64 97,78 97,97 99,10 100,23 100,26 100,71 100,72 100,89 
1,42 3,89 7,16 7,80 8,36 8,80 9,20 9,35 9,81 10,46 11,67 11,73 13,35 16,69 18,22 18,87 19,57 20,98 21,68 24,2 24,79 26,52 26,69 28,33 28,45 29,59 30,53 32,91 34,32 34,36 36,74 36,95 40,94 41,27 43,53 43,98 44,63 47,30 47,45 48,14 49,81 49,96 50,43 51,51 52,57 54,41 55,90 56,13 56,49 59,25 59,52 60,8 61,23 62,71 63,48 64,98 65,56 66,10 66,48 67,70 67,75 68,27 68,30 69,37 70,76 72,30 74,31 75,8 75,60 76,57 79,74 81,17 81,43 82,76 85,16 86,33 86,79 87,6 87,16 87,94 89,31 90,22 90,38 91,40 92,71 94,27 94,88 95,9 96,22 96,24 96,82 96,93 97,36 98,7 98,31 98,66 100,7 100,48 100,61 
2,4 2,5 3,72 5,18 5,73 6,62 8,78 10,27 10,40 12,84 13,17 15,44 16,56 16,66 17,19 17,61 18,83 19,61 20,59 20,92 21,43 21,50 21,63 21,91 24,4 24,82 24,88 25,47 26,23 26,54 28,59 29,2 29,32 30,5 31,20 32,35 33,3 33,88 33,96 38,47 38,57 39,89 40,94 42,16 43,96 44,13 46,76 47,57 47,95 49,43 50,33 51,83 51,93 52,42 52,57 53,45 54,50 55,58 55,71 55,77 56,13 58,22 59,13 59,42 59,84 61,37 61,90 61,98 62,19 63,41 64,57 64,69 66,77 67,9 67,48 68,6 69,26 69,53 73,50 75,39 76,5 76,22 78,94 79,35 79,87 79,100 80,51 81,50 82,36 82,56 83,69 88,74 92,64 94,72 94,95 95,75 97,64 98,14 98,50 
2,4 2,5 3,72 5,18 5,73 6,62 8,78 10,27 10,40 12,84 13,17 15,44 16,56 16,66 17,19 17,61 18,83 19,61 20,59 20,92 21,43 21,50 21,63 21,91 24,4 24,82 24,88 25,47 26,23 26,54 28,59 29,2 29,32 30,5 31,20 32,35 33,3 33,88 33,96 38,47 38,57 39,89 40,94 42,16 43,96 44,13 46,76 47,57 47,95 49,43 50,33 51,83 51,93 52,42 52,57 53,45 54,50 55,58 55,71 55,77 56,13 58,22 59,13 59,42 59,84 61,37 61,90 61,98 62,19 63,41 64,57 64,69 66,77 67,9 67,48 68,6 69,26 69,53 73,50 75,39 76,5 76,22 78,94 79,35 79,87 79,100 80,51 81,50 82,36 82,56 83,69 88,74 92,64 94,72 94,95 95,75 97,64 98,14 98,50 
2,4 2,5 3,72 5,18 5,73 6,62 8,78 10,27 10,40 12,84 13,17 15,44 16,56 16,66 17,19 17,61 18,83 19,61 20,59 20,92 21,43 21,50 21,63 21,91 24,4 24,82 24,88 25,47 26,23 26,54 28,59 29,2 29,32 30,5 31,20 32,35 33,3 33,88 33,96 38,47 38,57 39,89 40,94 42,16 43,96 44,13 46,76 47,57 47,95 49,43 50,33 51,83 51,93 52,42 52,57 53,45 54,50 55,58 55,71 55,77 56,13 58,22 59,13 59,42 59,84 61,37 61,90 61,98 62,19 63,41 64,57 64,69 66,77 67,9 67,48 68,6 69,26 69,53 73,50 75,39 76,5 76,22 78,94 79,35 79,87 79,100 80,51 81,50 82,36 82,56 83,69 88,74 92,64 94,72 94,95 95,75 97,64 98,14 98,50 
1,42 3,89 7,16 7,80 8,36 8,80 9,20 9,35 9,81 10,46 11,67 11,73 13,35 16,69 18,22 18,87 19,57 20,98 21,68 24,2 24,79 26,52 26,69 28,33 28,45 29,59 30,53 32,91 34,32 34,36 36,74 36,95 40,94 41,27 43,53 43,98 44,63 47,30 47,45 48,14 49,81 49,96 50,43 51,51 52,57 54,41 55,90 56,13 56,49 59,25 59,52 60,8 61,23 62,71 63,48 64,98 65,56 66,10 66,48 67,70 67,75 68,27 68,30 69,37 70,76 72,30 74,31 75,8 75,60 76,57 79,74 81,17 81,43 82,76 85,16 86,33 86,79 87,6 87,16 87,94 89,31 90,22 90,38 91,40 92,71 94,27 94,88 95,9 96,22 96,24 96,82 96,93 97,36 98,7 98,31 98,66 100,7 100,48 100,61 
2,4 2,5 3,72 5,18 5,73 6,62 8,78 10,27 10,40 12,84 13,17 15,44 16,56 16,66 17,19 17,61 18,83 19,61 20,59 20,92 21,43 21,50 21,63 21,91 24,4 24,82 24,88 25,47 26,23 26,54 28,59 29,2 29,32 30,5 31,20 32,35 33,3 33,88 33,96 38,47 38,57 39,89 40,94 42,16 43,96 44,13 46,76 47,57 47,95 49,43 50,33 51,83 51,93 52,42 52,57 53,45 54,50 55,58 55,71 55,77 56,13 58,22 59,13 59,42 59,84 61,37 61,90 61,98 62,19 63,41 64,57 64,69 66,77 67,9 67,48 68,6 69,26 69,53 73,50 75,39 76,5 76,22 78,94 79,35 79,87 79,100 80,51 81,50 82,36 82,56 83,69 88,74 92,64 94,72 94,95 95,75 97,64 98,14 98,50 
1,3 2,47 2,56 2,71 2,99 3,34 4,41 8,13 9,53 9,65 9,85 10,51 10,55 10,71 15,53 15,60 18,72 22,48 24,48 24,54 25,67 26,79 27,53 29,11 31,82 32,89 32,94 34,91 37,56 37,95 37,96 38,7 38,58 39,96 40,3 40,60 40,73 40,86 40,93 43,55 44,37 46,32 47,87 48,1 48,75 50,71 50,79 52,66 52,71 53,96 54,29 55,71 56,26 56,31 56,90 56,99 57,99 58,67 58,98 59,78 60,45 60,50 63,61 65,76 65,100 67,4 69,18 70,5 70,81 71,69 71,79 72,72 74,16 77,5 77,39 78,59 80,97 81,7 81,11 83,24 83,39 84,40 84,77 85,6 85,38 86,55 88,89 89,84 90,70 91,24 91,79 92,28 93,26 95,3 96,38 96,59 97,15 98,30 100,30 
2,4 2,5 3,72 5,18 5,73 6,62 8,78 10,27 10,40 12,84 13,17 15,44 16,56 16,66 17,19 17,61 18,83 19,61 20,59 20,92 21,43 21,50 21,63 21,91 24,4 24,82 24,88 25,47 26,23 26,54 28,59 29,2 29,32 30,5 31,20 32,35 33,3 33,88 33,96 38,47 38,57 39,89 40,94 42,16 43,96 44,13 46,76 47,57 47,95 49,43 50,33 51,83 51,93 52,42 52,57 53,45 54,50 55,58 55,71 55,77 56,13 58,22 59,13 59,42 59,84 61,37 61,90 61,98 62,19 63,41 64,57 64,69 66,77 67,9 67,48 68,6 69,26 69,53 73,50 75,39 76,5 76,22 78,94 79,35 79,87 79,100 80,51 81,50 82,36 82,56 83,69 88,74 92,64 94,72 94,95 95,75 97,64 98,14 98,50 
1,9 1,24 1,55 1,84 3,9 3,17 3,96 4,94 6,28 7,24 7,35 7,89 8,9 11,50 13,5 14,15 14,81 16,4 21,16 22,18 22,72 24,32 26,37 27,73 28,1 28,25 28,49 28,87 31,64 32,19 32,43 32,97 35,12 35,63 37,59 38,27 38,91 40,89 40,92 41,86 42,71 45,36 45,37 50,39 50,46 50,66 51,55 52,8 52,42 52,62 54,1 56,2 56,29 57,42 59,17 61,55 62,98 63,37 63,90 64,76 66,13 67,19 68,7 68,79 69,65 69,82 70,43 71,7 72,5 72,60 72,72 73,88 74,60 75,64 77,45 78,11 78,27 78,78 81,42 83,87 85,26 86,72 86,76 87,17 87,40 87,42 87,67 87,89 88,69 89,13 89,54 93,47 94,37 95,31 97,35 98,37 98,44 99,90 100,69 
1,69 2,21 2,67 3,62 4,48 4,55 4,91 5,6 5,48 5,50 5,59 6,46 8,1 8,58 11,32 11,57 11,82 12,50 14,78 15,9 15,74 15,86 17,60 17,100 18,14 18,43 18,57 22,26 22,93 24,39 25,9 25,16 26,32 31,3 34,28 36,42 37,100 38,83 41,20 41,85 43,28 44,70 47,73 50,52 51,56 52,56 52,72 54,23 54,45 54,58 55,7 55,44 55,96 56,49 56,61 57,23 59,84 61,17 61,41 63,1 63,19 63,72 65,14 65,42 67,38 67,86 68,76 69,36 72,5 72,23 72,88 73,29 73,66 73,90 74,6 74,8 75,71 75,75 77,47 79,78 79,98 80,42 81,4 81,88 85,33 85,53 85,82 94,13 95,58 97,27 97,64 97,78 97,97 99,10 100,23 100,26 100,71 100,72 100,89 
1,42 3,89 7,16 7,80 8,36 8,80 9,20 9,35 9,81 10,46 11,67 11,73 13,35 16,69 18,22 18,87 19,57 20,98 21,68 24,2 24,79 26,52 26,69 28,33 28,45 29,59 30,53 32,91 34,32 34,36 36,74 36,95 40,94 41,27 43,53 43,98 44,63 47,30 47,45 48,14 49,81 49,96 50,43 51,51 52,57 54,41 55,90 56,13 56,49 59,25 59,52 60,8 61,23 62,71 63,48 64,98 65,56 66,10 66,48 67,70 67,75 68,27 68,30 69,37 70,76 72,30 74,31 75,8 75,60 76,57 79,74 81,17 81,43 82,76 85,16 86,33 86,79 87,6 87,16 87,94 89,31 90,22 90,38 91,40 92,71 94,27 94,88 95,9 96,22 96,24 96,82 96,93 97,36 98,7 98,31 98,66 100,7 100,48 100,61 
1,9 1,24 1,55 1,84 3,9 3,17 3,96 4,94 6,28 7,24 7,35 7,89 8,9 11,50 13,5 14,15 14,81 16,4 21,16 22,18 22,72 24,32 26,37 27,73 28,1 28,25 28,49 28,87 31,64 32,19 32,43 32,97 35,12 35,63 37,59 38,27 38,91 40,89 40,92 41,86 42,71 45,36 45,37 50,39 50,46 50,66 51,55 52,8 52,42 52,62 54,1 56,2 56,29 57,42 59,17 61,55 62,98 63,37 63,90 64,76 66,13 67,19 68,7 68,79 69,65 69,82 70,43 71,7 72,5 72,60 72,72 73,88 74,60 75,64 77,45 78,11 78,27 78,78 81,42 83,87 85,26 86,72 86,76 87,17 87,40 87,42 87,67 87,89 88,69 89,13 89,54 93,47 94,37 95,31 97,35 98,37 98,44 99,90 100,69 
5,94 6,40 8,44 9,67 11,33 12,20 14,4 14,34 14,46 16,9 18,94 19,41 20,13 20,74 21,44 21,54 21,58 21,63 22,67 24,60 25,14 25,96 26,7 26,35 28,58 30,11 30,83 30,100 31,45 32,4 35,61 36,38 38,9 39,81 41,11 41,65 42,53 44,29 46,3 46,29 46,57 46,73 47,30 47,82 48,61 48,95 49,61 52,78 54,51 54,57 54,68 55,84 57,76 58,98 59,62 60,36 60,71 63,90 65,71 66,17 67,88 71,39 72,4 72,68 72,100 73,21 73,59 73,84 75,26 76,96 77,13 77,63 77,69 79,36 79,86 82,29 82,76 82,82 82,98 82,100 83,94 86,6 86,84 89,58 92,93 94,24 94,36 94,41 94,53 94,99 95,83 96,17 96,80 96,92 97,54 98,39 99,57 99,64 100,93 
1,9 1,24 1,55 1,84 3,9 3,17 3,96 4,94 6,28 7,24 7,35 7,89 8,9 11,50 13,5 14,15 14,81 16,4 21,16 22,18 22,72 24,32 26,37 27,73 28,1 28,25 28,49 28,87 31,64 32,19 32,43 32,97 35,12 35,63 37,59 38,27 38,91 40,89 40,92 41,86 42,71 45,36 45,37 50,39 50,46 50,66 51,55 52,8 52,42 52,62 54,1 56,2 56,29 57,42 59,17 61,55 62,98 63,37 63,90 64,76 66,13 67,19 68,7 68,79 69,65 69,82 70,43 71,7 72,5 72,60 72,72 73,88 74,60 75,64 77,45 78,11 78,27 78,78 81,42 83,87 85,26 86,72 86,76 87,17 87,40 87,42 87,67 87,89 88,69 89,13 89,54 93,47 94,37 95,31 97,35 98,37 98,44 99,90 100,69 
5,94 6,40 8,44 9,67 11,33 12,20 14,4 14,34 14,46 16,9 18,94 19,41 20,13 20,74 21,44 21,54 21,58 21,63 22,67 24,60 25,14 25,96 26,7 26,35 28,58 30,11 30,83 30,100 31,45 32,4 35,61 36,38 38,9 39,81 41,11 41,65 42,53 44,29 46,3 46,29 46,57 46,73 47,30 47,82 48,61 48,95 49,61 52,78 54,51 54,57 54,68 55,84 57,76 58,98 59,62 60,36 60,71 63,90 65,71 66,17 67,88 71,39 72,4 72,68 72,100 73,21 73,59 73,84 75,26 76,96 77,13 77,63 77,69 79,36 79,86 82,29 82,76 82,82 82,98 82,100 83,94 86,6 86,84 89,58 92,93 94,24 94,36 94,41 94,53 94,99 95,83 96,17 96,80 96,92 97,54 98,39 99,57 99,64 100,93 
1,3 2,47 2,56 2,71 2,99 3,34 4,41 8,13 9,53 9,65 9,85 10,51 10,55 10,71 15,53 15,60 18,72 22,48 24,48 24,54 25,67 26,79 27,53 29,11 31,82 32,89 32,94 34,91 37,56 37,95 37,96 38,7 38,58 39,96 40,3 40,60 40,73 40,86 40,93 43,55 44,37 46,32 47,87 48,1 48,75 50,71 50,79 52,66 52,71 53,96 54,29 55,71 56,26 56,31 56,90 56,99 57,99 58,67 58,98 59,78 60,45 60,50 63,61 65,76 65,100 67,4 69,18 70,5 70,81 71,69 71,79 72,72 74,16 77,5 77,39 78,59 80,97 81,7 81,11 83,24 83,39 84,40 84,77 85,6 85,38 86,55 88,89 89,84 90,70 91,24 91,79 92,28 93,26 95,3 96,38 96,59 97,15 98,30 100,30 
1,69 2,21 2,67 3,62 4,48 4,55 4,91 5,6 5,48 5,50 5,59 6,46 8,1 8,58 11,32 11,57 11,82 12,50 14,78 15,9 15,74 15,86 17,60 17,100 18,14 18,43 18,57 22,26 22,93 24,39 25,9 25,16 26,32 31,3 34,28 36,42 37,100 38,83 41,20 41,85 43,28 44,70 47,73 50,52 51,56 52,56 52,72 54,23 54,45 54,58 55,7 55,44 55,96 56,49 56,61 57,23 59,84 61,17 61,41 63,1 63,19 63,72 65,14 65,42 67,38 67,86 68,76 69,36 72,5 72,23 72,88 73,29 73,66 73,90 74,6 74,8 75,71 75,75 77,47 79,78 79,98 80,42 81,4 81,88 85,33 85,53 85,82 94,13 95,58 97,27 97,64 97,78 97,97 99,10 100,23 100,26 100,71 100,72 100,89 
5,94 6,40 8,44 9,67 11,33 12,20 14,4 14,34 14,46 16,9 18,94 19,41 20,13 20,74 21,44 21,54 21,58 21,63 22,67 24,60 25,14 25,96 26,7 26,35 28,58 30,11 30,83 30,100 31,45 32,4 35,61 36,38 38,9 39,81 41,11 41,65 42,53 44,29 46,3 46,29 46,57 46,73 47,30 47,82 48,61 48,95 49,61 52,78 54,51 54,57 54,68 55,84 57,76 58,98 59,62 60,36 60,71 63,90 65,71 66,17 67,88 71,39 72,4 72,68 72,100 73,21 73,59 73,84 75,26 76,96 77,13 77,63 77,69 79,36 79,86 82,29 82,76 82,82 82,98 82,100 83,94 86,6 86,84 89,58 92,93 94,24 94,36 94,41 94,53 94,99 95,83 96,17 96,80 96,92 97,54 98,39 99,57 99,64 100,93 
2,4 2,5 3,72 5,18 5,73 6,62 8,78 10,27 10,40 12,84 13,17 15,44 16,56 16,66 17,19 17,61 18,83 19,61 20,59 20,92 21,43 21,50 21,63 21,91 24,4 24,82 24,88 25,47 26,23 26,54 28,59 29,2 29,32 30,5 31,20 32,35 33,3 33,88 33,96 38,47 38,57 39,89 40,94 42,16 43,96 44,13 46,76 47,57 47,95 49,43 50,33 51,83 51,93 52,42 52,57 53,45 54,50 55,58 55,71 55,77 56,13 58,22 59,13 59,42 59,84 61,37 61,90 61,98 62,19 63,41 64,57 64,69 66,77 67,9 67,48 68,6 69,26 69,53 73,50 75,39 76,5 76,22 78,94 79,35 79,87 79,100 80,51 81,50 82,36 82,56 83,69 88,74 92,64 94,72 94,95 95,75 97,64 98,14 98,50 
1,9 1,24 1,55 1,84 3,9 3,17 3,96 4,94 6,28 7,24 7,35 7,89 8,9 11,50 13,5 14,15 14,81 16,4 21,16 22,18 22,72 24,32 26,37 27,73 28,1 28,25 28,49 28,87 31,64 32,19 32,43 32,97 35,12 35,63 37,59 38,27 38,91 40,89 40,92 41,86 42,71 45,36 45,37 50,39 50,46 50,66 51,55 52,8 52,42 52,62 54,1 56,2 56,29 57,42 59,17 61,55 62,98 63,37 63,90 64,76 66,13 67,19 68,7 68,79 69,65 69,82 70,43 71,7 72,5 72,60 72,72 73,88 74,60 75,64 77,45 78,11 78,27 78,78 81,42 83,87 85,26 86,72 86,76 87,17 87,40 87,42 87,67 87,89 88,69 89,13 89,54 93,47 94,37 95,31 97,35 98,37 98,44 99,90 100,69 
5,94 6,40 8,44 9,67 11,33 12,20 14,4 14,34 14,46 16,9 18,94 19,41 20,13 20,74 21,44 21,54 21,58 21,63 22,67 24,60 25,14 25,96 26,7 26,35 28,58 30,11 30,83 30,100 31,45 32,4 35,61 36,38 38,9 39,81 41,11 41,65 42,53 44,29 46,3 46,29 46,57 46,73 47,30 47,82 48,61 48,95 49,61 52,78 54,51 54,57 54,68 55,84 57,76 58,98 59,62 60,36 60,71 63,90 65,71 66,17 67,88 71,39 72,4 72,68 72,100 73,21 73,59 73,84 75,26 76,96 77,13 77,63 77,69 79,36 79,86 82,29 82,76 82,82 82,98 82,100 83,94 86,6 86,84 89,58 92,93 94,24 94,36 94,41 94,53 94,99 95,83 96,17 96,80 96,92 97,54 98,39 99,57 99,64 100,93 
1,42 3,89 7,16 7,80 8,36 8,80 9,20 9,35 9,81 10,46 11,67 11,73 13,35 16,69 18,22 18,87 19,57 20,98 21,68 24,2 24,79 26,52 26,69 28,33 28,45 29,59 30,53 32,91 34,32 34,36 36,74 36,95 40,94 41,27 43,53 43,98 44,63 47,30 47,45 48,14 49,81 49,96 50,43 51,51 52,57 54,41 55,90 56,13 56,49 59,25 59,52 60,8 61,23 62,71 63,48 64,98 65,56 66,10 66,48 67,70 67,75 68,27 68,30 69,37 70,76 72,30 74,31 75,8 75,60 76,57 79,74 81,17 81,43 82,76 85,16 86,33 86,79 87,6 87,16 87,94 89,31 90,22 90,38 91,40 92,71 94,27 94,88 95,9 96,22 96,24 96,82 96,93 97,36 98,7 98,31 98,66 100,7 100,48 100,61 
1,3 2,47 2,56 2,71 2,99 3,34 4,41 8,13 9,53 9,65 9,85 10,51 10,55 10,71 15,53 15,60 18,72 22,48 24,48 24,54 25,67 26,79 27,53 29,11 31,82 32,89 32,94 34,91 37,56 37,95 37,96 38,7 38,58 39,96 40,3 40,60 40,73 40,86 40,93 43,55 44,37 46,32 47,87 48,1 48,75 50,71 50,79 52,66 52,71 53,96 54,29 55,71 56,26 56,31 56,90 56,99 57,99 58,67 58,98 59,78 60,45 60,50 63,61 65,76 65,100 67,4 69,18 70,5 70,81 71,69 71,79 72,72 74,16 77,5 77,39 78,59 80,97 81,7 81,11 83,24 83,39 84,40 84,77 85,6 85,38 86,55 88,89 89,84 90,70 91,24 91,79 92,28 93,26 95,3 96,38 96,59 97,15 98,30 100,30 
1,69 2,21 2,67 3,62 4,48 4,55 4,91 5,6 5,48 5,50 5,59 6,46 8,1 8,58 11,32 11,57 11,82 12,50 14,78 15,9 15,74 15,86 17,60 17,100 18,14 18,43 18,57 22,26 22,93 24,39 25,9 25,16 26,32 31,3 34,28 36,42 37,100 38,83 41,20 41,85 43,28 44,70 47,73 50,52 51,56 52,56 52,72 54,23 54,45 54,58 55,7 55,44 55,96 56,49 56,61 57,23 59,84 61,17 61,41 63,1 63,19 63,72 65,14 65,42 67,38 67,86 68,76 69,36 72,5 72,23 72,88 73,29 73,66 73,90 74,6 74,8 75,71 75,75 77,47 79,78 79,98 80,42 81,4 81,88 85,33 85,53 85,82 94,13 95,58 97,27 97,64 97,78 97,97 99,10 100,23 100,26 100,71 100,72 100,89 
2,4 2,5 3,72 5,18 5,73 6,62 8,78 10,27 10,40 12,84 13,17 15,44 16,56 16,66 17,19 17,61 18,83 19,61 20,59 20,92 21,43 21,50 21,63 21,91 24,4 24,82 24,88 25,47 26,23 26,54 28,59 29,2 29,32 30,5 31,20 32,35 33,3 33,88 33,96 38,47 38,57 39,89 40,94 42,16 43,96 44,13 46,76 47,57 47,95 49,43 50,33 51,83 51,93 52,42 52,57 53,45 54,50 55,58 55,71 55,77 56,13 58,22 59,13 59,42 59,84 61,37 61,90 61,98 62,19 63,41 64,57 64,69 66,77 67,9 67,48 68,6 69,26 69,53 73,50 75,39 76,5 76,22 78,94 79,35 79,87 79,100 80,51 81,50 82,36 82,56 83,69 88,74 92,64 94,72 94,95 95,75 97,64 98,14 98,50 
5,94 6,40 8,44 9,67 11,33 12,20 14,4 14,34 14,46 16,9 18,94 19,41 20,13 20,74 21,44 21,54 21,58 21,63 22,67 24,60 25,14 25,96 26,7 26,35 28,58 30,11 30,83 30,100 31,45 32,4 35,61 36,38 38,9 39,81 41,11 41,65 42,53 44,29 46,3 46,29 46,57 46,73 47,30 47,82 48,61 48,95 49,61 52,78 54,51 54,57 54,68 55,84 57,76 58,98 59,62 60,36 60,71 63,90 65,71 66,17 67,88 71,39 72,4 72,68 72,100 73,21 73,59 73,84 75,26 76,96 77,13 77,63 77,69 79,36 79,86 82,29 82,76 82,82 82,98 82,100 83,94 86,6 86,84 89,58 92,93 94,24 94,36 94,41 94,53 94,99 95,83 96,17 96,80 96,92 97,54 98,39 99,57 99,64 100,93 
1,69 2,21 2,67 3,62 4,48 4,55 4,91 5,6 5,48 5,50 5,59 6,46 8,1 8,58 11,32 11,57 11,82 12,50 14,78 15,9 15,74 15,86 17,60 17,100 18,14 18,43 18,57 22,26 22,93 24,39 25,9 25,16 26,32 31,3 34,28 36,42 37,100 38,83 41,20 41,85 43,28 44,70 47,73 50,52 51,56 52,56 52,72 54,23 54,45 54,58 55,7 55,44 55,96 56,49 56,61 57,23 59,84 61,17 61,41 63,1 63,19 63,72 65,14 65,42 67,38 67,86 68,76 69,36 72,5 72,23 72,88 73,29 73,66 73,90 74,6 74,8 75,71 75,75 77,47 79,78 79,98 80,42 81,4 81,88 85,33 85,53 85,82 94,13 95,58 97,27 97,64 97,78 97,97 99,10 100,23 100,26 100,71 100,72 100,89 
1,69 2,21 2,67 3,62 4,48 4,55 4,91 5,6 5,48 5,50 5,59 6,46 8,1 8,58 11,32 11,57 11,82 12,50 14,78 15,9 15,74 15,86 17,60 17,100 18,14 18,43 18,57 22,26 22,93 24,39 25,9 25,16 26,32 31,3 34,28 36,42 37,100 38,83 41,20 41,85 43,28 44,70 47,73 50,52 51,56 52,56 52,72 54,23 54,45 54,58 55,7 55,44 55,96 56,49 56,61 57,23 59,84 61,17 61,41 63,1 63,19 63,72 65,14 65,42 67,38 67,86 68,76 69,36 72,5 72,23 72,88 73,29 73,66 73,90 74,6 74,8 75,71 75,75 77,47 79,78 79,98 80,42 81,4 81,88 85,33 85,53 85,82 94,13 95,58 97,27 97,64 97,78 97,97 99,10 100,23 100,26 100,71 100,72 100,89 
2,4 2,5 3,72 5,18 5,73 6,62 8,78 10,27 10,40 12,84 13,17 15,44 16,56 16,66 17,19 17,61 18,83 19,61 20,59 20,92 21,43 21,50 21,63 21,91 24,4 24,82 24,88 25,47 26,23 26,54 28,59 29,2 29,32 30,5 31,20 32,35 33,3 33,88 33,96 38,47 38,57 39,89 40,94 42,16 43,96 44,13 46,76 47,57 47,95 49,43 50,33 51,83 51,93 52,42 52,57 53,45 54,50 55,58 55,71 55,77 56,13 58,22 59,13 59,42 59,84 61,37 61,90 61,98 62,19 63,41 64,57 64,69 66,77 67,9 67,48 68,6 69,26 69,53 73,50 75,39 76,5 76,22 78,94 79,35 79,87 79,100 80,51 81,50 82,36 82,56 83,69 88,74 92,64 94,72 94,95 95,75 97,64 98,14 98,50 
1,69 2,21 2,67 3,62 4,48 4,55 4,91 5,6 5,48 5,50 5,59 6,46 8,1 8,58 11,32 11,57 11,82 12,50 14,78 15,9 15,74 15,86 17,60 17,100 18,14 18,43 18,57 22,26 22,93 24,39 25,9 25,16 26,32 31,3 34,28 36,42 37,100 38,83 41,20 41,85 43,28 44,70 47,73 50,52 51,56 52,56 52,72 54,23 54,45 54,58 55,7 55,44 55,96 56,49 56,61 57,23 59,84 61,17 61,41 63,1 63,19 63,72 65,14 65,42 67,38 67,86 68,76 69,36 72,5 72,23 72,88 73,29 73,66 73,90 74,6 74,8 75,71 75,75 77,47 79,78 79,98 80,42 81,4 81,88 85,33 85,53 85,82 94,13 95,58 97,27 97,64 97,78 97,97 99,10 100,23 100,26 100,71 100,72 100,89 
5,94 6,40 8,44 9,67 11,33 12,20 14,4 14,34 14,46 16,9 18,94 19,41 20,13 20,74 21,44 21,54 21,58 21,63 22,67 24,60 25,14 25,96 26,7 26,35 28,58 30,11 30,83 30,100 31,45 32,4 35,61 36,38 38,9 39,81 41,11 41,65 42,53 44,29 46,3 46,29 46,57 46,73 47,30 47,82 48,61 48,95 49,61 52,78 54,51 54,57 54,68 55,84 57,76 58,98 59,62 60,36 60,71 63,90 65,71 66,17 67,88 71,39 72,4 72,68 72,100 73,21 73,59 73,84 75,26 76,96 77,13 77,63 77,69 79,36 79,86 82,29 82,76 82,82 82,98 82,100 83,94 86,6 86,84 89,58 92,93 94,24 94,36 94,41 94,53 94,99 95,83 96,17 96,80 96,92 97,54 98,39 99,57 99,64 100,93 
1,9 1,24 1,55 1,84 3,9 3,17 3,96 4,94 6,28 7,24 7,35 7,89 8,9 11,50 13,5 14,15 14,81 16,4 21,16 22,18 22,72 24,32 26,37 27,73 28,1 28,25 28,49 28,87 31,64 32,19 32,43 32,97 35,12 35,63 37,59 38,27 38,91 40,89 40,92 41,86 42,71 45,36 45,37 50,39 50,46 50,66 51,55 52,8 52,42 52,62 54,1 56,2 56,29 57,42 59,17 61,55 62,98 63,37 63,90 64,76 66,13 67,19 68,7 68,79 69,65 69,82 70,43 71,7 72,5 72,60 72,72 73,88 74,60 75,64 77,45 78,11 78,27 78,78 81,42 83,87 85,26 86,72 86,76 87,17 87,40 87,42 87,67 87,89 88,69 89,13 89,54 93,47 94,37 95,31 97,35 98,37 98,44 99,90 100,69 
5,94 6,40 8,44 9,67 11,33 12,20 14,4 14,34 14,46 16,9 18,94 19,41 20,13 20,74 21,44 21,54 21,58 21,63 22,67 24,60 25,14 25,96 26,7 26,35 28,58 30,11 30,83 30,100 31,45 32,4 35,61 36,38 38,9 39,81 41,11 41,65 42,53 44,29 46,3 46,29 46,57 46,73 47,30 47,82 48,61 48,95 49,61 52,78 54,51 54,57 54,68 55,84 57,76 58,98 59,62 60,36 60,71 63,90 65,71 66,17 67,88 71,39 72,4 72,68 72,100 73,21 73,59 73,84 75,26 76,96 77,13 77,63 77,69 79,36 79,86 82,29 82,76 82,82 82,98 82,100 83,94 86,6 86,84 89,58 92,93 94,24 94,36 94,41 94,53 94,99 95,83 96,17 96,80 96,92 97,54 98,39 99,57 99,64 100,93 
1,3 2,47 2,56 2,71 2,99 3,34 4,41 8,13 9,53 9,65 9,85 10,51 10,55 10,71 15,53 15,60 18,72 22,48 24,48 24,54 25,67 26,79 27,53 29,11 31,82 32,89 32,94 34,91 37,56 37,95 37,96 38,7 38,58 39,96 40,3 40,60 40,73 40,86 40,93 43,55 44,37 46,32 47,87 48,1 48,75 50,71 50,79 52,66 52,71 53,96 54,29 55,71 56,26 56,31 56,90 56,99 57,99 58,67 58,98 59,78 60,45 60,50 63,61 65,76 65,100 67,4 69,18 70,5 70,81 71,69 71,79 72,72 74,16 77,5 77,39 78,59 80,97 81,7 81,11 83,24 83,39 84,40 84,77 85,6 85,38 86,55 88,89 89,84 90,70 91,24 91,79 92,28 93,26 95,3 96,38 96,59 97,15 98,30 100,30 
1,69 2,21 2,67 3,62 4,48 4,55 4,91 5,6 5,48 5,50 5,59 6,46 8,1 8,58 11,32 11,57 11,82 12,50 14,78 15,9 15,74 15,86 17,60 17,100 18,14 18,43 18,57 22,26 22,93 24,39 25,9 25,16 26,32 31,3 34,28 36,42 37,100 38,83 41,20 41,85 43,28 44,70 47,73 50,52 51,56 52,56 52,72 54,23 54,45 54,58 55,7 55,44 55,96 56,49 56,61 57,23 59,84 61,17 61,41 63,1 63,19 63,72 65,14 65,42 67,38 67,86 68,76 69,36 72,5 72,23 72,88 73,29 73,66 73,90 74,6 74,8 75,71 75,75 77,47 79,78 79,98 80,42 81,4 81,88 85,33 85,53 85,82 94,13 95,58 97,27 97,64 97,78 97,97 99,10 100,23 100,26 100,71 100,72 100,89 
5,94 6,40 8,44 9,67 11,33 12,20 14,4 14,34 14,46 16,9 18,94 19,41 20,13 20,74 21,44 21,54 21,58 21,63 22,67 24,60 25,14 25,96 26,7 26,35 28,58 30,11 30,83 30,100 31,45 32,4 35,61 36,38 38,9 39,81 41,11 41,65 42,53 44,29 46,3 46,29 46,57 46,73 47,30 47,82 48,61 48,95 49,61 52,78 54,51 54,57 54,68 55,84 57,76 58,98 59,62 60,36 60,71 63,90 65,71 66,17 67,88 71,39 72,4 72,68 72,100 73,21 73,59 73,84 75,26 76,96 77,13 77,63 77,69 79,36 79,86 82,29 82,76 82,82 82,98 82,100 83,94 86,6 86,84 89,58 92,93 94,24 94,36 94,41 94,53 94,99 95,83 96,17 96,80 96,92 97,54 98,39 99,57 99,64 100,93 
1,9 1,24 1,55 1,84 3,9 3,17 3,96 4,94 6,28 7,24 7,35 7,89 8,9 11,50 13,5 14,15 14,81 16,4 21,16 22,18 22,72 24,32 26,37 27,73 28,1 28,25 28,49 28,87 31,64 32,19 32,43 32,97 35,12 35,63 37,59 38,27 38,91 40,89 40,92 41,86 42,71 45,36 45,37 50,39 50,46 50,66 51,55 52,8 52,42 52,62 54,1 56,2 56,29 57,42 59,17 61,55 62,98 63,37 63,90 64,76 66,13 67,19 68,7 68,79 69,65 69,82 70,43 71,7 72,5 72,60 72,72 73,88 74,60 75,64 77,45 78,11 78,27 78,78 81,42 83,87 85,26 86,72 86,76 87,17 87,40 87,42 87,67 87,89 88,69 89,13 89,54 93,47 94,37 95,31 97,35 98,37 98,44 99,90 100,69 
1,69 2,21 2,67 3,62 4,48 4,55 4,91 5,6 5,48 5,50 5,59 6,46 8,1 8,58 11,32 11,57 11,82 12,50 14,78 15,9 15,74 15,86 17,60 17,100 18,14 18,43 18,57 22,26 22,93 24,39 25,9 25,16 26,32 31,3 34,28 36,42 37,100 38,83 41,20 41,85 43,28 44,70 47,73 50,52 51,56 52,56 52,72 54,23 54,45 54,58 55,7 55,44 55,96 56,49 56,61 57,23 59,84 61,17 61,41 63,1 63,19 63,72 65,14 65,42 67,38 67,86 68,76 69,36 72,5 72,23 72,88 73,29 73,66 73,90 74,6 74,8 75,71 75,75 77,47 79,78 79,98 80,42 81,4 81,88 85,33 85,53 85,82 94,13 95,58 97,27 97,64 97,78 97,97 99,10 100,23 100,26 100,71 100,72 100,89 
1,3 2,47 2,56 2,71 2,99 3,34 4,41 8,13 9,53 9,65 9,85 10,51 10,55 10,71 15,53 15,60 18,72 22,48 24,48 24,54 25,67 26,79 27,53 29,11 31,82 32,89 32,94 34,91 37,56 37,95 37,96 38,7 38,58 39,96 40,3 40,60 40,73 40,86 40,93 43,55 44,37 46,32 47,87 48,1 48,75 50,71 50,79 52,66 52,71 53,96 54,29 55,71 56,26 56,31 56,90 56,99 57,99 58,67 58,98 59,78 60,45 60,50 63,61 65,76 65,100 67,4 69,18 70,5 70,81 71,69 71,79 72,72 74,16 77,5 77,39 78,59 80,97 81,7 81,11 83,24 83,39 84,40 84,77 85,6 85,38 86,55 88,89 89,84 90,70 91,24 91,79 92,28 93,26 95,3 96,38 96,59 97,15 98,30 100,30 
1,69 2,21 2,67 3,62 4,48 4,55 4,91 5,6 5,48 5,50 5,59 6,46 8,1 8,58 11,32 11,57 11,82 12,50 14,78 15,9 15,74 15,86 17,60 17,100 18,14 18,43 18,57 22,26 22,93 24,39 25,9 25,16 26,32 31,3 34,28 36,42 37,100 38,83 41,20 41,85 43,28 44,70 47,73 50,52 51,56 52,56 52,72 54,23 54,45 54,58 55,7 55,44 55,96 56,49 56,61 57,23 59,84 61,17 61,41 63,1 63,19 63,72 65,14 65,42 67,38 67,86 68,76 69,36 72,5 72,23 72,88 73,29 73,66 73,90 74,6 74,8 75,71 75,75 77,47 79,78 79,98 80,42 81,4 81,88 85,33 85,53 85,82 94,13 95,58 97,27 97,64 97,78 97,97 99,10 100,23 100,26 100,71 100,72 100,89 
5,94 6,40 8,44 9,67 11,33 12,20 14,4 14,34 14,46 16,9 18,94 19,41 20,13 20,74 21,44 21,54 21,58 21,63 22,67 24,60 25,14 25,96 26,7 26,35 28,58 30,11 30,83 30,100 31,45 32,4 35,61 36,38 38,9 39,81 41,11 41,65 42,53 44,29 46,3 46,29 46,57 46,73 47,30 47,82 48,61 48,95 49,61 52,78 54,51 54,57 54,68 55,84 57,76 58,98 59,62 60,36 60,71 63,90 65,71 66,17 67,88 71,39 72,4 72,68 72,100 73,21 73,59 73,84 75,26 76,96 77,13 77,63 77,69 79,36 79,86 82,29 82,76 82,82 82,98 82,100 83,94 86,6 86,84 89,58 92,93 94,24 94,36 94,41 94,53 94,99 95,83 96,17 96,80 96,92 97,54 98,39 99,57 99,64 100,93 
5,94 6,40 8,44 9,67 11,33 12,20 14,4 14,34 14,46 16,9 18,94 19,41 20,13 20,74 21,44 21,54 21,58 21,63 22,67 24,60 25,14 25,96 26,7 26,35 28,58 30,11 30,83 30,100 31,45 32,4 35,61 36,38 38,9 39,81 41,11 41,65 42,53 44,29 46,3 46,29 46,57 46,73 47,30 47,82 48,61 48,95 49,61 52,78 54,51 54,57 54,68 55,84 57,76 58,98 59,62 60,36 60,71 63,90 65,71 66,17 67,88 71,39 72,4 72,68 72,100 73,21 73,59 73,84 75,26 76,96 77,13 77,63 77,69 79,36 79,86 82,29 82,76 82,82 82,98 82,100 83,94 86,6 86,84 89,58 92,93 94,24 94,36 94,41 94,53 94,99 95,83 96,17 96,80 96,92 97,54 98,39 99,57 99,64 100,93 
1,9 1,24 1,55 1,84 3,9 3,17 3,96 4,94 6,28 7,24 7,35 7,89 8,9 11,50 13,5 14,15 14,81 16,4 21,16 22,18 22,72 24,32 26,37 27,73 28,1 28,25 28,49 28,87 31,64 32,19 32,43 32,97 35,12 35,63 37,59 38,27 38,91 40,89 40,92 41,86 42,71 45,36 45,37 50,39 50,46 50,66 51,55 52,8 52,42 52,62 54,1 56,2 56,29 57,42 59,17 61,55 62,98 63,37 63,90 64,76 66,13 67,19 68,7 68,79 69,65 69,82 70,43 71,7 72,5 72,60 72,72 73,88 74,60 75,64 77,45 78,11 78,27 78,78 81,42 83,87 85,26 86,72 86,76 87,17 87,40 87,42 87,67 87,89 88,69 89,13 89,54 93,47 94,37 95,31 97,35 98,37 98,44 99,90 100,69 
1,9 1,24 1,55 1,84 3,9 3,17 3,96 4,94 6,28 7,24 7,35 7,89 8,9 11,50 13,5 14,15 14,81 16,4 21,16 22,18 22,72 24,32 26,37 27,73 28,1 28,25 28,49 28,87 31,64 32,19 32,43 32,97 35,12 35,63 37,59 38,27 38,91 40,89 40,92 41,86 42,71 45,36 45,37 50,39 50,46 50,66 51,55 52,8 52,42 52,62 54,1 56,2 56,29 57,42 59,17 61,55 62,98 63,37 63,90 64,76 66,13 67,19 68,7 68,79 69,65 69,82 70,43 71,7 72,5 72,60 72,72 73,88 74,60 75,64 77,45 78,11 78,27 78,78 81,42 83,87 85,26 86,72 86,76 87,17 87,40 87,42 87,67 87,89 88,69 89,13 89,54 93,47 94,37 95,31 97,35 98,37 98,44 99,90 100,69 
1,3 2,47 2,56 2,71 2,99 3,34 4,41 8,13 9,53 9,65 9,85 10,51 10,55 10,71 15,53 15,60 18,72 22,48 24,48 24,54 25,67 26,79 27,53 29,11 31,82 32,89 32,94 34,91 37,56 37,95 37,96 38,7 38,58 39,96 40,3 40,60 40,73 40,86 40,93 43,55 44,37 46,32 47,87 48,1 48,75 50,71 50,79 52,66 52,71 53,96 54,29 55,71 56,26 56,31 56,90 56,99 57,99 58,67 58,98 59,78 60,45 60,50 63,61 65,76 65,100 67,4 69,18 70,5 70,81 71,69 71,79 72,72 74,16 77,5 77,39 78,59 80,97 81,7 81,11 83,24 83,39 84,40 84,77 85,6 85,38 86,55 88,89 89,84 90,70 91,24 91,79 92,28 93,26 95,3 96,38 96,59 97,15 98,30 100,30 
1,9 1,24 1,55 1,84 3,9 3,17 3,96 4,94 6,28 7,24 7,35 7,89 8,9 11,50 13,5 14,15 14,81 16,4 21,16 22,18 22,72 24,32 26,37 27,73 28,1 28,25 28,49 28,87 31,64 32,19 32,43 32,97 35,12 35,63 37,59 38,27 38,91 40,89 40,92 41,86 42,71 45,36 45,37 50,39 50,46 50,66 51,55 52,8 52,42 52,62 54,1 56,2 56,29 57,42 59,17 61,55 62,98 63,37 63,90 64,76 66,13 67,19 68,7 68,79 69,65 69,82 70,43 71,7 72,5 72,60 72,72 73,88 74,60 75,64 77,45 78,11 78,27 78,78 81,42 83,87 85,26 86,72 86,76 87,17 87,40 87,42 87,67 87,89 88,69 89,13 89,54 93,47 94,37 95,31 97,35 98,37 98,44 99,90 100,69 
5,94 6,40 8,44 9,67 11,33 12,20 14,4 14,34 14,46 16,9 18,94 19,41 20,13 20,74 21,44 21,54 21,58 21,63 22,67 24,60 25,14 25,96 26,7 26,35 28,58 30,11 30,83 30,100 31,45 32,4 35,61 36,38 38,9 39,81 41,11 41,65 42,53 44,29 46,3 46,29 46,57 46,73 47,30 47,82 48,61 48,95 49,61 52,78 54,51 54,57 54,68 55,84 57,76 58,98 59,62 60,36 60,71 63,90 65,71 66,17 67,88 71,39 72,4 72,68 72,100 73,21 73,59 73,84 75,26 76,96 77,13 77,63 77,69 79,36 79,86 82,29 82,76 82,82 82,98 82,100 83,94 86,6 86,84 89,58 92,93 94,24 94,36 94,41 94,53 94,99 95,83 96,17 96,80 96,92 97,54 98,39 99,57 99,64 100,93 
1,3 2,47 2,56 2,71 2,99 3,34 4,41 8,13 9,53 9,65 9,85 10,51 10,55 10,71 15,53 15,60 18,72 22,48 24,48 24,54 25,67 26,79 27,53 29,11 31,82 32,89 32,94 34,91 37,56 37,95 37,96 38,7 38,58 39,96 40,3 40,60 40,73 40,86 40,93 43,55 44,37 46,32 47,87 48,1 48,75 50,71 50,79 52,66 52,71 53,96 54,29 55,71 56,26 56,31 56,90 56,99 57,99 58,67 58,98 59,78 60,45 60,50 63,61 65,76 65,100 67,4 69,18 70,5 70,81 71,69 71,79 72,72 74,16 77,5 77,39 78,59 80,97 81,7 81,11 83,24 83,39 84,40 84,77 85,6 85,38 86,55 88,89 89,84 90,70 91,24 91,79 92,28 93,26 95,3 96,38 96,59 97,15 98,30 100,30 
1,42 3,89 7,16 7,80 8,36 8,80 9,20 9,35 9,81 10,46 11,67 11,73 13,35 16,69 18,22 18,87 19,57 20,98 21,68 24,2 24,79 26,52 26,69 28,33 28,45 29,59 30,53 32,91 34,32 34,36 36,74 36,95 40,94 41,27 43,53 43,98 44,63 47,30 47,45 48,14 49,81 49,96 50,43 51,51 52,57 54,41 55,90 56,13 56,49 59,25 59,52 60,8 61,23 62,71 63,48 64,98 65,56 66,10 66,48 67,70 67,75 68,27 68,30 69,37 70,76 72,30 74,31 75,8 75,60 76,57 79,74 81,17 81,43 82,76 85,16 86,33 86,79 87,6 87,16 87,94 89,31 90,22 90,38 91,40 92,71 94,27 94,88 95,9 96,22 96,24 96,82 96,93 97,36 98,7 98,31 98,66 100,7 100,48 100,61 
2,4 2,5 3,72 5,18 5,73 6,62 8,78 10,27 10,40 12,84 13,17 15,44 16,56 16,66 17,19 17,61 18,83 19,61 20,59 20,92 21,43 21,50 21,63 21,91 24,4 24,82 24,88 25,47 26,23 26,54 28,59 29,2 29,32 30,5 31,20 32,35 33,3 33,88 33,96 38,47 38,57 39,89 40,94 42,16 43,96 44,13 46,76 47,57 47,95 49,43 50,33 51,83 51,93 52,42 52,57 53,45 54,50 55,58 55,71 55,77 56,13 58,22 59,13 59,42 59,84 61,37 61,90 61,98 62,19 63,41 64,57 64,69 66,77 67,9 67,48 68,6 69,26 69,53 73,50 75,39 76,5 76,22 78,94 79,35 79,87 79,100 80,51 81,50 82,36 82,56 83,69 88,74 92,64 94,72 94,95 95,75 97,64 98,14 98,50 
1,9 1,24 1,55 1,84 3,9 3,17 3,96 4,94 6,28 7,24 7,35 7,89 8,9 11,50 13,5 14,15 14,81 16,4 21,16 22,18 22,72 24,32 26,37 27,73 28,1 28,25 28,49 28,87 31,64 32,19 32,43 32,97 35,12 35,63 37,59 38,27 38,91 40,89 40,92 41,86 42,71 45,36 45,37 50,39 50,46 50,66 51,55 52,8 52,42 52,62 54,1 56,2 56,29 57,42 59,17 61,55 62,98 63,37 63,90 64,76 66,13 67,19 68,7 68,79 69,65 69,82 70,43 71,7 72,5 72,60 72,72 73,88 74,60 75,64 77,45 78,11 78,27 78,78 81,42 83,87 85,26 86,72 86,76 87,17 87,40 87,42 87,67 87,89 88,69 89,13 89,54 93,47 94,37 95,31 97,35 98,37 98,44 99,90 100,69 
1,42 3,89 7,16 7,80 8,36 8,80 9,20 9,35 9,81 10,46 11,67 11,73 13,35 16,69 18,22 18,87 19,57 20,98 21,68 24,2 24,79 26,52 26,69 28,33 28,45 29,59 30,53 32,91 34,32 34,36 36,74 36,95 40,94 41,27 43,53 43,98 44,63 47,30 47,45 48,14 49,81 49,96 50,43 51,51 52,57 54,41 55,90 56,13 56,49 59,25 59,52 60,8 61,23 62,71 63,48 64,98 65,56 66,10 66,48 67,70 67,75 68,27 68,30 69,37 70,76 72,30 74,31 75,8 75,60 76,57 79,74 81,17 81,43 82,76 85,16 86,33 86,79 87,6 87,16 87,94 89,31 90,22 90,38 91,40 92,71 94,27 94,88 95,9 96,22 96,24 96,82 96,93 97,36 98,7 98,31 98,66 100,7 100,48 100,61 
1,9 1,24 1,55 1,84 3,9 3,17 3,96 4,94 6,28 7,24 7,35 7,89 8,9 11,50 13,5 14,15 14,81 16,4 21,16 22,18 22,72 24,32 26,37 27,73 28,1 28,25 28,49 28,87 31,64 32,19 32,43 32,97 35,12 35,63 37,59 38,27 38,91 40,89 40,92 41,86 42,71 45,36 45,37 50,39 50,46 50,66 51,55 52,8 52,42 52,62 54,1 56,2 56,29 57,42 59,17 61,55 62,98 63,37 63,90 64,76 66,13 67,19 68,7 68,79 69,65 69,82 70,43 71,7 72,5 72,60 72,72 73,88 74,60 75,64 77,45 78,11 78,27 78,78 81,42 83,87 85,26 86,72 86,76 87,17 87,40 87,42 87,67 87,89 88,69 89,13 89,54 93,47 94,37 95,31 97,35 98,37 98,44 99,90 100,69 
