50 64 4
1,8 1,46 2,5 4,1 6,41 8,43 9,27 9,31 9,34 9,39 11,4 11,16 11,21 11,22 13,16 13,29 13,42 16,2 16,8 17,6 20,18 21,3 22,19 23,17 26,26 26,30 30,23 30,26 30,38 31,13 32,31 33,35 33,47 35,19 37,38 38,4 38,12 40,30 43,8 44,7 44,8 45,27 45,42 46,16 46,44 47,17 48,38 49,8 49,20 
1,43 2,2 4,13 4,24 5,11 5,17 5,18 6,1 6,4 6,5 6,26 6,35 6,37 6,47 7,15 9,44 10,31 18,40 20,7 20,12 20,36 20,45 23,50 24,14 25,29 26,1 26,22 28,18 29,43 31,21 31,22 32,4 33,32 34,11 35,2 35,9 38,38 40,16 43,41 44,35 45,26 45,33 45,34 45,48 46,36 47,5 47,40 49,9 50,37 
1,46 2,31 2,36 2,49 4,44 9,13 9,27 10,48 12,14 12,45 14,22 14,44 15,8 15,34 15,36 15,48 17,50 18,9 19,43 20,1 20,28 22,47 23,24 24,31 26,19 29,10 30,21 30,40 31,15 33,14 33,31 33,36 36,12 36,20 36,24 37,5 38,50 39,38 40,9 40,35 42,46 43,23 44,47 45,35 46,21 47,12 48,49 49,2 49,11 
1,8 1,46 2,5 4,1 6,41 8,43 9,27 9,31 9,34 9,39 11,4 11,16 11,21 11,22 13,16 13,29 13,42 16,2 16,8 17,6 20,18 21,3 22,19 23,17 26,26 26,30 30,23 30,26 30,38 31,13 32,31 33,35 33,47 35,19 37,38 38,4 38,12 40,30 43,8 44,7 44,8 45,27 45,42 46,16 46,44 47,17 48,38 49,8 49,20 
1,46 2,31 2,36 2,49 4,44 9,13 9,27 10,48 12,14 12,45 14,22 14,44 15,8 15,34 15,36 15,48 17,50 18,9 19,43 20,1 20,28 22,47 23,24 24,31 26,19 29,10 30,21 30,40 31,15 33,14 33,31 33,36 36,12 36,20 36,24 37,5 38,50 39,38 40,9 40,35 42,46 43,23 44,47 45,35 46,21 47,12 48,49 49,2 49,11 
1,8 1,46 2,5 4,1 6,41 8,43 9,27 9,31 9,34 9,39 11,4 11,16 11,21 11,22 13,16 13,29 13,42 16,2 16,8 17,6 20,18 21,3 22,19 23,17 26,26 26,30 30,23 30,26 30,38 31,13 32,31 33,35 33,47 35,19 37,38 38,4 38,12 40,30 43,8 44,7 44,8 45,27 45,42 46,16 46,44 47,17 48,38 49,8 49,20 
1,43 2,2 4,13 4,24 5,11 5,17 5,18 6,1 6,4 6,5 6,26 6,35 6,37 6,47 7,15 9,44 10,31 18,40 20,7 20,12 20,36 20,45 23,50 24,14 25,29 26,1 26,22 28,18 29,43 31,21 31,22 32,4 33,32 34,11 35,2 35,9 38,38 40,16 43,41 44,35 45,26 45,33 45,34 45,48 46,36 47,5 47,40 49,9 50,37 
1,43 2,2 4,13 4,24 5,11 5,17 5,18 6,1 6,4 6,5 6,26 6,35 6,37 6,47 7,15 9,44 10,31 18,40 20,7 20,12 20,36 20,45 23,50 24,14 25,29 26,1 26,22 28,18 29,43 31,21 31,22 32,4 33,32 34,11 35,2 35,9 38,38 40,16 43,41 44,35 45,26 45,33 45,34 45,48 46,36 47,5 47,40 49,9 50,37 
2,44 4,39 5,25 6,15 6,46 9,1 9,48 10,24 11,48 16,29 16,36 16,48 17,22 18,30 19,2 20,46 21,28 24,3 25,42 26,4 26,29 29,8 29,25 30,35 31,28 33,7 33,35 33,38 33,48 34,43 35,12 35,48 37,26 37,41 38,3 38,36 39,20 40,28 42,26 43,7 43,8 44,27 44,45 46,40 47,49 48,7 49,17 50,27 50,29 
1,43 2,2 4,13 4,24 5,11 5,17 5,18 6,1 6,4 6,5 6,26 6,35 6,37 6,47 7,15 9,44 10,31 18,40 20,7 20,12 20,36 20,45 23,50 24,14 25,29 26,1 26,22 28,18 29,43 31,21 31,22 32,4 33,32 34,11 35,2 35,9 38,38 40,16 43,41 44,35 45,26 45,33 45,34 45,48 46,36 47,5 47,40 49,9 50,37 
1,46 2,31 2,36 2,49 4,44 9,13 9,27 10,48 12,14 12,45 14,22 14,44 15,8 15,34 15,36 15,48 17,50 18,9 19,43 20,1 20,28 22,47 23,24 24,31 26,19 29,10 30,21 30,40 31,15 33,14 33,31 33,36 36,12 36,20 36,24 37,5 38,50 39,38 40,9 40,35 42,46 43,23 44,47 45,35 46,21 47,12 48,49 49,2 49,11 
1,43 2,2 4,13 4,24 5,11 5,17 5,18 6,1 6,4 6,5 6,26 6,35 6,37 6,47 7,15 9,44 10,31 18,40 20,7 20,12 20,36 20,45 23,50 24,14 25,29 26,1 26,22 28,18 29,43 31,21 31,22 32,4 33,32 34,11 35,2 35,9 38,38 40,16 43,41 44,35 45,26 45,33 45,34 45,48 46,36 47,5 47,40 49,9 50,37 
1,8 1,46 2,5 4,1 6,41 8,43 9,27 9,31 9,34 9,39 11,4 11,16 11,21 11,22 13,16 13,29 13,42 16,2 16,8 17,6 20,18 21,3 22,19 23,17 26,26 26,30 30,23 30,26 30,38 31,13 32,31 33,35 33,47 35,19 37,38 38,4 38,12 40,30 43,8 44,7 44,8 45,27 45,42 46,16 46,44 47,17 48,38 49,8 49,20 
1,46 2,31 2,36 2,49 4,44 9,13 9,27 10,48 12,14 12,45 14,22 14,44 15,8 15,34 15,36 15,48 17,50 18,9 19,43 20,1 20,28 22,47 23,24 24,31 26,19 29,10 30,21 30,40 31,15 33,14 33,31 33,36 36,12 36,20 36,24 37,5 38,50 39,38 40,9 40,35 42,46 43,23 44,47 45,35 46,21 47,12 48,49 49,2 49,11 
1,43 2,2 4,13 4,24 5,11 5,17 5,18 6,1 6,4 6,5 6,26 6,35 6,37 6,47 7,15 9,44 10,31 18,40 20,7 20,12 20,36 20,45 23,50 24,14 25,29 26,1 26,22 28,18 29,43 31,21 31,22 32,4 33,32 34,11 35,2 35,9 38,38 40,16 43,41 44,35 45,26 45,33 45,34 45,48 46,36 47,5 47,40 49,9 50,37 
2,44 4,39 5,25 6,15 6,46 9,1 9,48 10,24 11,48 16,29 16,36 16,48 17,22 18,30 19,2 20,46 21,28 24,3 25,42 26,4 26,29 29,8 29,25 30,35 31,28 33,7 33,35 33,38 33,48 34,43 35,12 35,48 37,26 37,41 38,3 38,36 39,20 40,28 42,26 43,7 43,8 44,27 44,45 46,40 47,49 48,7 49,17 50,27 50,29 
1,43 2,2 4,13 4,24 5,11 5,17 5,18 6,1 6,4 6,5 6,26 6,35 6,37 6,47 7,15 9,44 10,31 18,40 20,7 20,12 20,36 20,45 23,50 24,14 25,29 26,1 26,22 28,18 29,43 31,21 31,22 32,4 33,32 34,11 35,2 35,9 38,38 40,16 43,41 44,35 45,26 45,33 45,34 45,48 46,36 47,5 47,40 49,9 50,37 
1,46 2,31 2,36 2,49 4,44 9,13 9,27 10,48 12,14 12,45 14,22 14,44 15,8 15,34 15,36 15,48 17,50 18,9 19,43 20,1 20,28 22,47 23,24 24,31 26,19 29,10 30,21 30,40 31,15 33,14 33,31 33,36 36,12 36,20 36,24 37,5 38,50 39,38 40,9 40,35 42,46 43,23 44,47 45,35 46,21 47,12 48,49 49,2 49,11 
1,46 2,31 2,36 2,49 4,44 9,13 9,27 10,48 12,14 12,45 14,22 14,44 15,8 15,34 15,36 15,48 17,50 18,9 19,43 20,1 20,28 22,47 23,24 24,31 26,19 29,10 30,21 30,40 31,15 33,14 33,31 33,36 36,12 36,20 36,24 37,5 38,50 39,38 40,9 40,35 42,46 43,23 44,47 45,35 46,21 47,12 48,49 49,2 49,11 
1,43 2,2 4,13 4,24 5,11 5,17 5,18 6,1 6,4 6,5 6,26 6,35 6,37 6,47 7,15 9,44 10,31 18,40 20,7 20,12 20,36 20,45 23,50 24,14 25,29 26,1 26,22 28,18 29,43 31,21 31,22 32,4 33,32 34,11 35,2 35,9 38,38 40,16 43,41 44,35 45,26 45,33 45,34 45,48 46,36 47,5 47,40 49,9 50,37 
1,46 2,31 2,36 2,49 4,44 9,13 9,27 10,48 12,14 12,45 14,22 14,44 15,8 15,34 15,36 15,48 17,50 18,9 19,43 20,1 20,28 22,47 23,24 24,31 26,19 29,10 30,21 30,40 31,15 33,14 33,31 33,36 36,12 36,20 36,24 37,5 38,50 39,38 40,9 40,35 42,46 43,23 44,47 45,35 46,21 47,12 48,49 49,2 49,11 
1,46 2,31 2,36 2,49 4,44 9,13 9,27 10,48 12,14 12,45 14,22 14,44 15,8 15,34 15,36 15,48 17,50 18,9 19,43 20,1 20,28 22,47 23,24 24,31 26,19 29,10 30,21 30,40 31,15 33,14 33,31 33,36 36,12 36,20 36,24 37,5 38,50 39,38 40,9 40,35 42,46 43,23 44,47 45,35 46,21 47,12 48,49 49,2 49,11 
1,43 2,2 4,13 4,24 5,11 5,17 5,18 6,1 6,4 6,5 6,26 6,35 6,37 6,47 7,15 9,44 10,31 18,40 20,7 20,12 20,36 20,45 23,50 24,14 25,29 26,1 26,22 28,18 29,43 31,21 31,22 32,4 33,32 34,11 35,2 35,9 38,38 40,16 43,41 44,35 45,26 45,33 45,34 45,48 46,36 47,5 47,40 49,9 50,37 
1,46 2,31 2,36 2,49 4,44 9,13 9,27 10,48 12,14 12,45 14,22 14,44 15,8 15,34 15,36 15,48 17,50 18,9 19,43 20,1 20,28 22,47 23,24 24,31 26,19 29,10 30,21 30,40 31,15 33,14 33,31 33,36 36,12 36,20 36,24 37,5 38,50 39,38 40,9 40,35 42,46 43,23 44,47 45,35 46,21 47,12 48,49 49,2 49,11 
1,43 2,2 4,13 4,24 5,11 5,17 5,18 6,1 6,4 6,5 6,26 6,35 6,37 6,47 7,15 9,44 10,31 18,40 20,7 20,12 20,36 20,45 23,50 24,14 25,29 26,1 26,22 28,18 29,43 31,21 31,22 32,4 33,32 34,11 35,2 35,9 38,38 40,16 43,41 44,35 45,26 45,33 45,34 45,48 46,36 47,5 47,40 49,9 50,37 
1,8 1,46 2,5 4,1 6,41 8,43 9,27 9,31 9,34 9,39 11,4 11,16 11,21 11,22 13,16 13,29 13,42 16,2 16,8 17,6 20,18 21,3 22,19 23,17 26,26 26,30 30,23 30,26 30,38 31,13 32,31 33,35 33,47 35,19 37,38 38,4 38,12 40,30 43,8 44,7 44,8 45,27 45,42 46,16 46,44 47,17 48,38 49,8 49,20 
2,44 4,39 5,25 6,15 6,46 9,1 9,48 10,24 11,48 16,29 16,36 16,48 17,22 18,30 19,2 20,46 21,28 24,3 25,42 26,4 26,29 29,8 29,25 30,35 31,28 33,7 33,35 33,38 33,48 34,43 35,12 35,48 37,26 37,41 38,3 38,36 39,20 40,28 42,26 43,7 43,8 44,27 44,45 46,40 47,49 48,7 49,17 50,27 50,29 
1,8 1,46 2,5 4,1 6,41 8,43 9,27 9,31 9,34 9,39 11,4 11,16 11,21 11,22 13,16 13,29 13,42 16,2 16,8 17,6 20,18 21,3 22,19 23,17 26,26 26,30 30,23 30,26 30,38 31,13 32,31 33,35 33,47 35,19 37,38 38,4 38,12 40,30 43,8 44,7 44,8 45,27 45,42 46,16 46,44 47,17 48,38 49,8 49,20 
1,43 2,2 4,13 4,24 5,11 5,17 5,18 6,1 6,4 6,5 6,26 6,35 6,37 6,47 7,15 9,44 10,31 18,40 20,7 20,12 20,36 20,45 23,50 24,14 25,29 26,1 26,22 28,18 29,43 31,21 31,22 32,4 33,32 34,11 35,2 35,9 38,38 40,16 43,41 44,35 45,26 45,33 45,34 45,48 46,36 47,5 47,40 49,9 50,37 
1,46 2,31 2,36 2,49 4,44 9,13 9,27 10,48 12,14 12,45 14,22 14,44 15,8 15,34 15,36 15,48 17,50 18,9 19,43 20,1 20,28 22,47 23,24 24,31 26,19 29,10 30,21 30,40 31,15 33,14 33,31 33,36 36,12 36,20 36,24 37,5 38,50 39,38 40,9 40,35 42,46 43,23 44,47 45,35 46,21 47,12 48,49 49,2 49,11 
1,8 1,46 2,5 4,1 6,41 8,43 9,27 9,31 9,34 9,39 11,4 11,16 11,21 11,22 13,16 13,29 13,42 16,2 16,8 17,6 20,18 21,3 22,19 23,17 26,26 26,30 30,23 30,26 30,38 31,13 32,31 33,35 33,47 35,19 37,38 38,4 38,12 40,30 43,8 44,7 44,8 45,27 45,42 46,16 46,44 47,17 48,38 49,8 49,20 
1,8 1,46 2,5 4,1 6,41 8,43 9,27 9,31 9,34 9,39 11,4 11,16 11,21 11,22 13,16 13,29 13,42 16,2 16,8 17,6 20,18 21,3 22,19 23,17 26,26 26,30 30,23 30,26 30,38 31,13 32,31 33,35 33,47 35,19 37,38 38,4 38,12 40,30 43,8 44,7 44,8 45,27 45,42 46,16 46,44 47,17 48,38 49,8 49,20 
1,46 2,31 2,36 2,49 4,44 9,13 9,27 10,48 12,14 12,45 14,22 14,44 15,8 15,34 15,36 15,48 17,50 18,9 19,43 20,1 20,28 22,47 23,24 24,31 26,19 29,10 30,21 30,40 31,15 33,14 33,31 33,36 36,12 36,20 36,24 37,5 38,50 39,38 40,9 40,35 42,46 43,23 44,47 45,35 46,21 47,12 48,49 49,2 49,11 
2,44 4,39 5,25 6,15 6,46 9,1 9,48 10,24 11,48 16,29 16,36 16,48 17,22 18,30 19,2 20,46 21,28 24,3 25,42 26,4 26,29 29,8 29,25 30,35 31,28 33,7 33,35 33,38 33,48 34,43 35,12 35,48 37,26 37,41 38,3 38,36 39,20 40,28 42,26 43,7 43,8 44,27 44,45 46,40 47,49 48,7 49,17 50,27 50,29 
1,43 2,2 4,13 4,24 5,11 5,17 5,18 6,1 6,4 6,5 6,26 6,35 6,37 6,47 7,15 9,44 10,31 18,40 20,7 20,12 20,36 20,45 23,50 24,14 25,29 26,1 26,22 28,18 29,43 31,21 31,22 32,4 33,32 34,11 35,2 35,9 38,38 40,16 43,41 44,35 45,26 45,33 45,34 45,48 46,36 47,5 47,40 49,9 50,37 
1,46 2,31 2,36 2,49 4,44 9,13 9,27 10,48 12,14 12,45 14,22 14,44 15,8 15,34 15,36 15,48 17,50 18,9 19,43 20,1 20,28 22,47 23,24 24,31 26,19 29,10 30,21 30,40 31,15 33,14 33,31 33,36 36,12 36,20 36,24 37,5 38,50 39,38 40,9 40,35 42,46 43,23 44,47 45,35 46,21 47,12 48,49 49,2 49,11 
1,46 2,31 2,36 2,49 4,44 9,13 9,27 10,48 12,14 12,45 14,22 14,44 15,8 15,34 15,36 15,48 17,50 18,9 19,43 20,1 20,28 22,47 23,24 24,31 26,19 29,10 30,21 30,40 31,15 33,14 33,31 33,36 36,12 36,20 36,24 37,5 38,50 39,38 40,9 40,35 42,46 43,23 44,47 45,35 46,21 47,12 48,49 49,2 49,11 
1,43 2,2 4,13 4,24 5,11 5,17 5,18 6,1 6,4 6,5 6,26 6,35 6,37 6,47 7,15 9,44 10,31 18,40 20,7 20,12 20,36 20,45 23,50 24,14 25,29 26,1 26,22 28,18 29,43 31,21 31,22 32,4 33,32 34,11 35,2 35,9 38,38 40,16 43,41 44,35 45,26 45,33 45,34 45,48 46,36 47,5 47,40 49,9 50,37 
1,43 2,2 4,13 4,24 5,11 5,17 5,18 6,1 6,4 6,5 6,26 6,35 6,37 6,47 7,15 9,44 10,31 18,40 20,7 20,12 20,36 20,45 23,50 24,14 25,29 26,1 26,22 28,18 29,43 31,21 31,22 32,4 33,32 34,11 35,2 35,9 38,38 40,16 43,41 44,35 45,26 45,33 45,34 45,48 46,36 47,5 47,40 49,9 50,37 
1,43 2,2 4,13 4,24 5,11 5,17 5,18 6,1 6,4 6,5 6,26 6,35 6,37 6,47 7,15 9,44 10,31 18,40 20,7 20,12 20,36 20,45 23,50 24,14 25,29 26,1 26,22 28,18 29,43 31,21 31,22 32,4 33,32 34,11 35,2 35,9 38,38 40,16 43,41 44,35 45,26 45,33 45,34 45,48 46,36 47,5 47,40 49,9 50,37 
1,43 2,2 4,13 4,24 5,11 5,17 5,18 6,1 6,4 6,5 6,26 6,35 6,37 6,47 7,15 9,44 10,31 18,40 20,7 20,12 20,36 20,45 23,50 24,14 25,29 26,1 26,22 28,18 29,43 31,21 31,22 32,4 33,32 34,11 35,2 35,9 38,38 40,16 43,41 44,35 45,26 45,33 45,34 45,48 46,36 47,5 47,40 49,9 50,37 
2,44 4,39 5,25 6,15 6,46 9,1 9,48 10,24 11,48 16,29 16,36 16,48 17,22 18,30 19,2 20,46 21,28 24,3 25,42 26,4 26,29 29,8 29,25 30,35 31,28 33,7 33,35 33,38 33,48 34,43 35,12 35,48 37,26 37,41 38,3 38,36 39,20 40,28 42,26 43,7 43,8 44,27 44,45 46,40 47,49 48,7 49,17 50,27 50,29 
1,43 2,2 4,13 4,24 5,11 5,17 5,18 6,1 6,4 6,5 6,26 6,35 6,37 6,47 7,15 9,44 10,31 18,40 20,7 20,12 20,36 20,45 23,50 24,14 25,29 26,1 26,22 28,18 29,43 31,21 31,22 32,4 33,32 34,11 35,2 35,9 38,38 40,16 43,41 44,35 45,26 45,33 45,34 45,48 46,36 47,5 47,40 49,9 50,37 
1,43 2,2 4,13 4,24 5,11 5,17 5,18 6,1 6,4 6,5 6,26 6,35 6,37 6,47 7,15 9,44 10,31 18,40 20,7 20,12 20,36 20,45 23,50 24,14 25,29 26,1 26,22 28,18 29,43 31,21 31,22 32,4 33,32 34,11 35,2 35,9 38,38 40,16 43,41 44,35 45,26 45,33 45,34 45,48 46,36 47,5 47,40 49,9 50,37 
2,44 4,39 5,25 6,15 6,46 9,1 9,48 10,24 11,48 16,29 16,36 16,48 17,22 18,30 19,2 20,46 21,28 24,3 25,42 26,4 26,29 29,8 29,25 30,35 31,28 33,7 33,35 33,38 33,48 34,43 35,12 35,48 37,26 37,41 38,3 38,36 39,20 40,28 42,26 43,7 43,8 44,27 44,45 46,40 47,49 48,7 49,17 50,27 50,29 
1,46 2,31 2,36 2,49 4,44 9,13 9,27 10,48 12,14 12,45 14,22 14,44 15,8 15,34 15,36 15,48 17,50 18,9 19,43 20,1 20,28 22,47 23,24 24,31 26,19 29,10 30,21 30,40 31,15 33,14 33,31 33,36 36,12 36,20 36,24 37,5 38,50 39,38 40,9 40,35 42,46 43,23 44,47 45,35 46,21 47,12 48,49 49,2 49,11 
2,44 4,39 5,25 6,15 6,46 9,1 9,48 10,24 11,48 16,29 16,36 16,48 17,22 18,30 19,2 20,46 21,28 24,3 25,42 26,4 26,29 29,8 29,25 30,35 31,28 33,7 33,35 33,38 33,48 34,43 35,12 35,48 37,26 37,41 38,3 38,36 39,20 40,28 42,26 43,7 43,8 44,27 44,45 46,40 47,49 48,7 49,17 50,27 50,29 
1,46 2,31 2,36 2,49 4,44 9,13 9,27 10,48 12,14 12,45 14,22 14,44 15,8 15,34 15,36 15,48 17,50 18,9 19,43 20,1 20,28 22,47 23,24 24,31 26,19 29,10 30,21 30,40 31,15 33,14 33,31 33,36 36,12 36,20 36,24 37,5 38,50 39,38 40,9 40,35 42,46 43,23 44,47 45,35 46,21 47,12 48,49 49,2 49,11 
1,46 2,31 2,36 2,49 4,44 9,13 9,27 10,48 12,14 12,45 14,22 14,44 15,8 15,34 15,36 15,48 17,50 18,9 19,43 20,1 20,28 22,47 23,24 24,31 26,19 29,10 30,21 30,40 31,15 33,14 33,31 33,36 36,12 36,20 36,24 37,5 38,50 39,38 40,9 40,35 42,46 43,23 44,47 45,35 46,21 47,12 48,49 49,2 49,11 
1,46 2,31 2,36 2,49 4,44 9,13 9,27 10,48 12,14 12,45 14,22 14,44 15,8 15,34 15,36 15,48 17,50 18,9 19,43 20,1 20,28 22,47 23,24 24,31 26,19 29,10 30,21 30,40 31,15 33,14 33,31 33,36 36,12 36,20 36,24 37,5 38,50 39,38 40,9 40,35 42,46 43,23 44,47 45,35 46,21 47,12 48,49 49,2 49,11 
1,43 2,2 4,13 4,24 5,11 5,17 5,18 6,1 6,4 6,5 6,26 6,35 6,37 6,47 7,15 9,44 10,31 18,40 20,7 20,12 20,36 20,45 23,50 24,14 25,29 26,1 26,22 28,18 29,43 31,21 31,22 32,4 33,32 34,11 35,2 35,9 38,38 40,16 43,41 44,35 45,26 45,33 45,34 45,48 46,36 47,5 47,40 49,9 50,37 
1,43 2,2 4,13 4,24 5,11 5,17 5,18 6,1 6,4 6,5 6,26 6,35 6,37 6,47 7,15 9,44 10,31 18,40 20,7 20,12 20,36 20,45 23,50 24,14 25,29 26,1 26,22 28,18 29,43 31,21 31,22 32,4 33,32 34,11 35,2 35,9 38,38 40,16 43,41 44,35 45,26 45,33 45,34 45,48 46,36 47,5 47,40 49,9 50,37 
1,8 1,46 2,5 4,1 6,41 8,43 9,27 9,31 9,34 9,39 11,4 11,16 11,21 11,22 13,16 13,29 13,42 16,2 16,8 17,6 20,18 21,3 22,19 23,17 26,26 26,30 30,23 30,26 30,38 31,13 32,31 33,35 33,47 35,19 37,38 38,4 38,12 40,30 43,8 44,7 44,8 45,27 45,42 46,16 46,44 47,17 48,38 49,8 49,20 
1,43 2,2 4,13 4,24 5,11 5,17 5,18 6,1 6,4 6,5 6,26 6,35 6,37 6,47 7,15 9,44 10,31 18,40 20,7 20,12 20,36 20,45 23,50 24,14 25,29 26,1 26,22 28,18 29,43 31,21 31,22 32,4 33,32 34,11 35,2 35,9 38,38 40,16 43,41 44,35 45,26 45,33 45,34 45,48 46,36 47,5 47,40 49,9 50,37 
2,44 4,39 5,25 6,15 6,46 9,1 9,48 10,24 11,48 16,29 16,36 16,48 17,22 18,30 19,2 20,46 21,28 24,3 25,42 26,4 26,29 29,8 29,25 30,35 31,28 33,7 33,35 33,38 33,48 34,43 35,12 35,48 37,26 37,41 38,3 38,36 39,20 40,28 42,26 43,7 43,8 44,27 44,45 46,40 47,49 48,7 49,17 50,27 50,29 
1,46 2,31 2,36 2,49 4,44 9,13 9,27 10,48 12,14 12,45 14,22 14,44 15,8 15,34 15,36 15,48 17,50 18,9 19,43 20,1 20,28 22,47 23,24 24,31 26,19 29,10 30,21 30,40 31,15 33,14 33,31 33,36 36,12 36,20 36,24 37,5 38,50 39,38 40,9 40,35 42,46 43,23 44,47 45,35 46,21 47,12 48,49 49,2 49,11 
1,46 2,31 2,36 2,49 4,44 9,13 9,27 10,48 12,14 12,45 14,22 14,44 15,8 15,34 15,36 15,48 17,50 18,9 19,43 20,1 20,28 22,47 23,24 24,31 26,19 29,10 30,21 30,40 31,15 33,14 33,31 33,36 36,12 36,20 36,24 37,5 38,50 39,38 40,9 40,35 42,46 43,23 44,47 45,35 46,21 47,12 48,49 49,2 49,11 
2,44 4,39 5,25 6,15 6,46 9,1 9,48 10,24 11,48 16,29 16,36 16,48 17,22 18,30 19,2 20,46 21,28 24,3 25,42 26,4 26,29 29,8 29,25 30,35 31,28 33,7 33,35 33,38 33,48 34,43 35,12 35,48 37,26 37,41 38,3 38,36 39,20 40,28 42,26 43,7 43,8 44,27 44,45 46,40 47,49 48,7 49,17 50,27 50,29 
1,8 1,46 2,5 4,1 6,41 8,43 9,27 9,31 9,34 9,39 11,4 11,16 11,21 11,22 13,16 13,29 13,42 16,2 16,8 17,6 20,18 21,3 22,19 23,17 26,26 26,30 30,23 30,26 30,38 31,13 32,31 33,35 33,47 35,19 37,38 38,4 38,12 40,30 43,8 44,7 44,8 45,27 45,42 46,16 46,44 47,17 48,38 49,8 49,20 
1,43 2,2 4,13 4,24 5,11 5,17 5,18 6,1 6,4 6,5 6,26 6,35 6,37 6,47 7,15 9,44 10,31 18,40 20,7 20,12 20,36 20,45 23,50 24,14 25,29 26,1 26,22 28,18 29,43 31,21 31,22 32,4 33,32 34,11 35,2 35,9 38,38 40,16 43,41 44,35 45,26 45,33 45,34 45,48 46,36 47,5 47,40 49,9 50,37 
1,43 2,2 4,13 4,24 5,11 5,17 5,18 6,1 6,4 6,5 6,26 6,35 6,37 6,47 7,15 9,44 10,31 18,40 20,7 20,12 20,36 20,45 23,50 24,14 25,29 26,1 26,22 28,18 29,43 31,21 31,22 32,4 33,32 34,11 35,2 35,9 38,38 40,16 43,41 44,35 45,26 45,33 45,34 45,48 46,36 47,5 47,40 49,9 50,37 
1,8 1,46 2,5 4,1 6,41 8,43 9,27 9,31 9,34 9,39 11,4 11,16 11,21 11,22 13,16 13,29 13,42 16,2 16,8 17,6 20,18 21,3 22,19 23,17 26,26 26,30 30,23 30,26 30,38 31,13 32,31 33,35 33,47 35,19 37,38 38,4 38,12 40,30 43,8 44,7 44,8 45,27 45,42 46,16 46,44 47,17 48,38 49,8 49,20 
1,43 2,2 4,13 4,24 5,11 5,17 5,18 6,1 6,4 6,5 6,26 6,35 6,37 6,47 7,15 9,44 10,31 18,40 20,7 20,12 20,36 20,45 23,50 24,14 25,29 26,1 26,22 28,18 29,43 31,21 31,22 32,4 33,32 34,11 35,2 35,9 38,38 40,16 43,41 44,35 45,26 45,33 45,34 45,48 46,36 47,5 47,40 49,9 50,37 
1,8 1,46 2,5 4,1 6,41 8,43 9,27 9,31 9,34 9,39 11,4 11,16 11,21 11,22 13,16 13,29 13,42 16,2 16,8 17,6 20,18 21,3 22,19 23,17 26,26 26,30 30,23 30,26 30,38 31,13 32,31 33,35 33,47 35,19 37,38 38,4 38,12 40,30 43,8 44,7 44,8 45,27 45,42 46,16 46,44 47,17 48,38 49,8 49,20 
