100 50 4
1,14 1,27 1,49 2,9 2,46 3,14 4,38 5,97 5,99 7,5 8,58 8,95 9,6 9,46 9,63 10,10 10,71 15,14 15,75 16,95 17,16 18,9 20,40 20,93 20,98 21,10 21,70 21,76 21,92 24,73 24,90 26,30 26,50 27,83 29,56 33,12 34,87 35,4 36,9 41,35 41,95 42,20 42,60 45,17 47,57 47,76 48,28 49,17 50,58 50,62 50,86 51,37 51,96 52,83 53,65 53,98 54,39 55,12 56,10 57,49 58,10 59,54 61,46 62,12 62,18 62,22 62,64 63,40 63,49 65,5 68,70 69,57 72,61 73,59 73,65 74,20 74,35 75,97 78,13 78,29 82,28 82,45 83,23 85,61 86,20 88,100 90,25 92,54 94,83 95,20 95,42 95,50 97,66 98,23 98,42 99,14 100,10 100,12 100,84 
1,44 1,75 6,34 6,63 6,65 6,90 7,56 8,93 9,48 9,58 9,63 10,30 10,86 11,70 12,54 20,68 23,44 23,59 25,44 27,54 27,72 29,51 30,32 30,53 31,12 31,17 31,33 31,62 32,27 32,61 33,20 33,55 36,52 37,78 38,47 39,51 42,54 43,20 43,92 44,18 44,84 45,84 47,22 48,100 49,29 49,30 50,24 51,53 51,86 52,44 53,76 53,88 54,30 55,98 59,25 59,48 60,49 60,66 61,87 62,2 65,39 65,82 66,93 67,26 67,27 70,1 70,72 71,51 71,94 72,16 76,65 77,9 77,81 79,6 79,59 79,77 79,82 79,96 82,60 83,49 84,12 86,15 87,29 88,5 89,3 89,78 90,31 92,32 93,94 94,98 96,5 96,31 96,64 96,90 97,25 97,45 98,82 99,15 99,84 
1,40 2,69 3,9 5,7 5,18 5,32 5,62 5,84 7,82 8,1 10,12 10,78 11,1 11,59 11,91 13,63 15,37 16,26 16,39 16,64 18,66 19,95 19,96 20,48 21,49 22,62 23,56 25,78 26,44 26,94 27,38 27,62 29,23 29,26 29,66 31,68 32,41 32,52 33,27 34,66 36,98 38,47 40,4 42,90 43,41 43,97 44,55 44,92 47,58 49,29 52,45 53,9 53,11 54,32 56,48 58,1 58,45 58,77 59,42 59,50 59,73 60,2 60,36 60,74 62,57 66,87 67,1 68,82 69,37 70,96 71,37 72,3 72,12 73,41 75,15 76,16 77,41 79,68 80,16 80,34 84,79 86,48 86,49 86,66 89,4 89,5 89,8 89,34 89,63 89,74 92,47 94,32 95,5 95,44 96,32 98,65 99,90 99,93 100,21 
1,44 1,75 6,34 6,63 6,65 6,90 7,56 8,93 9,48 9,58 9,63 10,30 10,86 11,70 12,54 20,68 23,44 23,59 25,44 27,54 27,72 29,51 30,32 30,53 31,12 31,17 31,33 31,62 32,27 32,61 33,20 33,55 36,52 37,78 38,47 39,51 42,54 43,20 43,92 44,18 44,84 45,84 47,22 48,100 49,29 49,30 50,24 51,53 51,86 52,44 53,76 53,88 54,30 55,98 59,25 59,48 60,49 60,66 61,87 62,2 65,39 65,82 66,93 67,26 67,27 70,1 70,72 71,51 71,94 72,16 76,65 77,9 77,81 79,6 79,59 79,77 79,82 79,96 82,60 83,49 84,12 86,15 87,29 88,5 89,3 89,78 90,31 92,32 93,94 94,98 96,5 96,31 96,64 96,90 97,25 97,45 98,82 99,15 99,84 
1,14 1,27 1,49 2,9 2,46 3,14 4,38 5,97 5,99 7,5 8,58 8,95 9,6 9,46 9,63 10,10 10,71 15,14 15,75 16,95 17,16 18,9 20,40 20,93 20,98 21,10 21,70 21,76 21,92 24,73 24,90 26,30 26,50 27,83 29,56 33,12 34,87 35,4 36,9 41,35 41,95 42,20 42,60 45,17 47,57 47,76 48,28 49,17 50,58 50,62 50,86 51,37 51,96 52,83 53,65 53,98 54,39 55,12 56,10 57,49 58,10 59,54 61,46 62,12 62,18 62,22 62,64 63,40 63,49 65,5 68,70 69,57 72,61 73,59 73,65 74,20 74,35 75,97 78,13 78,29 82,28 82,45 83,23 85,61 86,20 88,100 90,25 92,54 94,83 95,20 95,42 95,50 97,66 98,23 98,42 99,14 100,10 100,12 100,84 
1,6 1,91 3,2 3,95 4,89 5,15 6,94 7,74 10,46 10,94 11,13 14,67 15,74 16,94 17,83 17,86 18,54 19,31 19,47 20,78 20,88 21,68 21,71 21,95 22,72 22,81 25,18 27,25 27,49 29,3 29,27 29,39 33,25 34,44 34,55 34,84 35,69 37,13 38,31 38,92 40,90 42,29 43,91 44,97 45,17 46,6 47,10 47,23 47,72 48,20 50,97 51,31 51,59 54,36 54,95 58,21 59,18 59,64 59,76 63,38 67,13 69,62 70,72 70,73 73,93 75,34 75,53 75,79 75,87 76,72 79,90 81,33 81,65 82,80 85,78 87,10 87,52 87,71 88,74 88,86 89,50 90,63 91,4 91,28 91,48 91,75 92,52 92,61 92,99 94,25 94,34 94,99 95,23 95,100 96,70 97,70 99,5 100,91 100,98 
1,40 2,69 3,9 5,7 5,18 5,32 5,62 5,84 7,82 8,1 10,12 10,78 11,1 11,59 11,91 13,63 15,37 16,26 16,39 16,64 18,66 19,95 19,96 20,48 21,49 22,62 23,56 25,78 26,44 26,94 27,38 27,62 29,23 29,26 29,66 31,68 32,41 32,52 33,27 34,66 36,98 38,47 40,4 42,90 43,41 43,97 44,55 44,92 47,58 49,29 52,45 53,9 53,11 54,32 56,48 58,1 58,45 58,77 59,42 59,50 59,73 60,2 60,36 60,74 62,57 66,87 67,1 68,82 69,37 70,96 71,37 72,3 72,12 73,41 75,15 76,16 77,41 79,68 80,16 80,34 84,79 86,48 86,49 86,66 89,4 89,5 89,8 89,34 89,63 89,74 92,47 94,32 95,5 95,44 96,32 98,65 99,90 99,93 100,21 
1,44 1,75 6,34 6,63 6,65 6,90 7,56 8,93 9,48 9,58 9,63 10,30 10,86 11,70 12,54 20,68 23,44 23,59 25,44 27,54 27,72 29,51 30,32 30,53 31,12 31,17 31,33 31,62 32,27 32,61 33,20 33,55 36,52 37,78 38,47 39,51 42,54 43,20 43,92 44,18 44,84 45,84 47,22 48,100 49,29 49,30 50,24 51,53 51,86 52,44 53,76 53,88 54,30 55,98 59,25 59,48 60,49 60,66 61,87 62,2 65,39 65,82 66,93 67,26 67,27 70,1 70,72 71,51 71,94 72,16 76,65 77,9 77,81 79,6 79,59 79,77 79,82 79,96 82,60 83,49 84,12 86,15 87,29 88,5 89,3 89,78 90,31 92,32 93,94 94,98 96,5 96,31 96,64 96,90 97,25 97,45 98,82 99,15 99,84 
1,40 2,69 3,9 5,7 5,18 5,32 5,62 5,84 7,82 8,1 10,12 10,78 11,1 11,59 11,91 13,63 15,37 16,26 16,39 16,64 18,66 19,95 19,96 20,48 21,49 22,62 23,56 25,78 26,44 26,94 27,38 27,62 29,23 29,26 29,66 31,68 32,41 32,52 33,27 34,66 36,98 38,47 40,4 42,90 43,41 43,97 44,55 44,92 47,58 49,29 52,45 53,9 53,11 54,32 56,48 58,1 58,45 58,77 59,42 59,50 59,73 60,2 60,36 60,74 62,57 66,87 67,1 68,82 69,37 70,96 71,37 72,3 72,12 73,41 75,15 76,16 77,41 79,68 80,16 80,34 84,79 86,48 86,49 86,66 89,4 89,5 89,8 89,34 89,63 89,74 92,47 94,32 95,5 95,44 96,32 98,65 99,90 99,93 100,21 
1,14 1,27 1,49 2,9 2,46 3,14 4,38 5,97 5,99 7,5 8,58 8,95 9,6 9,46 9,63 10,10 10,71 15,14 15,75 16,95 17,16 18,9 20,40 20,93 20,98 21,10 21,70 21,76 21,92 24,73 24,90 26,30 26,50 27,83 29,56 33,12 34,87 35,4 36,9 41,35 41,95 42,20 42,60 45,17 47,57 47,76 48,28 49,17 50,58 50,62 50,86 51,37 51,96 52,83 53,65 53,98 54,39 55,12 56,10 57,49 58,10 59,54 61,46 62,12 62,18 62,22 62,64 63,40 63,49 65,5 68,70 69,57 72,61 73,59 73,65 74,20 74,35 75,97 78,13 78,29 82,28 82,45 83,23 85,61 86,20 88,100 90,25 92,54 94,83 95,20 95,42 95,50 97,66 98,23 98,42 99,14 100,10 100,12 100,84 
1,44 1,75 6,34 6,63 6,65 6,90 7,56 8,93 9,48 9,58 9,63 10,30 10,86 11,70 12,54 20,68 23,44 23,59 25,44 27,54 27,72 29,51 30,32 30,53 31,12 31,17 31,33 31,62 32,27 32,61 33,20 33,55 36,52 37,78 38,47 39,51 42,54 43,20 43,92 44,18 44,84 45,84 47,22 48,100 49,29 49,30 50,24 51,53 51,86 52,44 53,76 53,88 54,30 55,98 59,25 59,48 60,49 60,66 61,87 62,2 65,39 65,82 66,93 67,26 67,27 70,1 70,72 71,51 71,94 72,16 76,65 77,9 77,81 79,6 79,59 79,77 79,82 79,96 82,60 83,49 84,12 86,15 87,29 88,5 89,3 89,78 90,31 92,32 93,94 94,98 96,5 96,31 96,64 96,90 97,25 97,45 98,82 99,15 99,84 
1,44 1,75 6,34 6,63 6,65 6,90 7,56 8,93 9,48 9,58 9,63 10,30 10,86 11,70 12,54 20,68 23,44 23,59 25,44 27,54 27,72 29,51 30,32 30,53 31,12 31,17 31,33 31,62 32,27 32,61 33,20 33,55 36,52 37,78 38,47 39,51 42,54 43,20 43,92 44,18 44,84 45,84 47,22 48,100 49,29 49,30 50,24 51,53 51,86 52,44 53,76 53,88 54,30 55,98 59,25 59,48 60,49 60,66 61,87 62,2 65,39 65,82 66,93 67,26 67,27 70,1 70,72 71,51 71,94 72,16 76,65 77,9 77,81 79,6 79,59 79,77 79,82 79,96 82,60 83,49 84,12 86,15 87,29 88,5 89,3 89,78 90,31 92,32 93,94 94,98 96,5 96,31 96,64 96,90 97,25 97,45 98,82 99,15 99,84 
1,6 1,91 3,2 3,95 4,89 5,15 6,94 7,74 10,46 10,94 11,13 14,67 15,74 16,94 17,83 17,86 18,54 19,31 19,47 20,78 20,88 21,68 21,71 21,95 22,72 22,81 25,18 27,25 27,49 29,3 29,27 29,39 33,25 34,44 34,55 34,84 35,69 37,13 38,31 38,92 40,90 42,29 43,91 44,97 45,17 46,6 47,10 47,23 47,72 48,20 50,97 51,31 51,59 54,36 54,95 58,21 59,18 59,64 59,76 63,38 67,13 69,62 70,72 70,73 73,93 75,34 75,53 75,79 75,87 76,72 79,90 81,33 81,65 82,80 85,78 87,10 87,52 87,71 88,74 88,86 89,50 90,63 91,4 91,28 91,48 91,75 92,52 92,61 92,99 94,25 94,34 94,99 95,23 95,100 96,70 97,70 99,5 100,91 100,98 
1,44 1,75 6,34 6,63 6,65 6,90 7,56 8,93 9,48 9,58 9,63 10,30 10,86 11,70 12,54 20,68 23,44 23,59 25,44 27,54 27,72 29,51 30,32 30,53 31,12 31,17 31,33 31,62 32,27 32,61 33,20 33,55 36,52 37,78 38,47 39,51 42,54 43,20 43,92 44,18 44,84 45,84 47,22 48,100 49,29 49,30 50,24 51,53 51,86 52,44 53,76 53,88 54,30 55,98 59,25 59,48 60,49 60,66 61,87 62,2 65,39 65,82 66,93 67,26 67,27 70,1 70,72 71,51 71,94 72,16 76,65 77,9 77,81 79,6 79,59 79,77 79,82 79,96 82,60 83,49 84,12 86,15 87,29 88,5 89,3 89,78 90,31 92,32 93,94 94,98 96,5 96,31 96,64 96,90 97,25 97,45 98,82 99,15 99,84 
1,14 1,27 1,49 2,9 2,46 3,14 4,38 5,97 5,99 7,5 8,58 8,95 9,6 9,46 9,63 10,10 10,71 15,14 15,75 16,95 17,16 18,9 20,40 20,93 20,98 21,10 21,70 21,76 21,92 24,73 24,90 26,30 26,50 27,83 29,56 33,12 34,87 35,4 36,9 41,35 41,95 42,20 42,60 45,17 47,57 47,76 48,28 49,17 50,58 50,62 50,86 51,37 51,96 52,83 53,65 53,98 54,39 55,12 56,10 57,49 58,10 59,54 61,46 62,12 62,18 62,22 62,64 63,40 63,49 65,5 68,70 69,57 72,61 73,59 73,65 74,20 74,35 75,97 78,13 78,29 82,28 82,45 83,23 85,61 86,20 88,100 90,25 92,54 94,83 95,20 95,42 95,50 97,66 98,23 98,42 99,14 100,10 100,12 100,84 
1,40 2,69 3,9 5,7 5,18 5,32 5,62 5,84 7,82 8,1 10,12 10,78 11,1 11,59 11,91 13,63 15,37 16,26 16,39 16,64 18,66 19,95 19,96 20,48 21,49 22,62 23,56 25,78 26,44 26,94 27,38 27,62 29,23 29,26 29,66 31,68 32,41 32,52 33,27 34,66 36,98 38,47 40,4 42,90 43,41 43,97 44,55 44,92 47,58 49,29 52,45 53,9 53,11 54,32 56,48 58,1 58,45 58,77 59,42 59,50 59,73 60,2 60,36 60,74 62,57 66,87 67,1 68,82 69,37 70,96 71,37 72,3 72,12 73,41 75,15 76,16 77,41 79,68 80,16 80,34 84,79 86,48 86,49 86,66 89,4 89,5 89,8 89,34 89,63 89,74 92,47 94,32 95,5 95,44 96,32 98,65 99,90 99,93 100,21 
1,44 1,75 6,34 6,63 6,65 6,90 7,56 8,93 9,48 9,58 9,63 10,30 10,86 11,70 12,54 20,68 23,44 23,59 25,44 27,54 27,72 29,51 30,32 30,53 31,12 31,17 31,33 31,62 32,27 32,61 33,20 33,55 36,52 37,78 38,47 39,51 42,54 43,20 43,92 44,18 44,84 45,84 47,22 48,100 49,29 49,30 50,24 51,53 51,86 52,44 53,76 53,88 54,30 55,98 59,25 59,48 60,49 60,66 61,87 62,2 65,39 65,82 66,93 67,26 67,27 70,1 70,72 71,51 71,94 72,16 76,65 77,9 77,81 79,6 79,59 79,77 79,82 79,96 82,60 83,49 84,12 86,15 87,29 88,5 89,3 89,78 90,31 92,32 93,94 94,98 96,5 96,31 96,64 96,90 97,25 97,45 98,82 99,15 99,84 
1,14 1,27 1,49 2,9 2,46 3,14 4,38 5,97 5,99 7,5 8,58 8,95 9,6 9,46 9,63 10,10 10,71 15,14 15,75 16,95 17,16 18,9 20,40 20,93 20,98 21,10 21,70 21,76 21,92 24,73 24,90 26,30 26,50 27,83 29,56 33,12 34,87 35,4 36,9 41,35 41,95 42,20 42,60 45,17 47,57 47,76 48,28 49,17 50,58 50,62 50,86 51,37 51,96 52,83 53,65 53,98 54,39 55,12 56,10 57,49 58,10 59,54 61,46 62,12 62,18 62,22 62,64 63,40 63,49 65,5 68,70 69,57 72,61 73,59 73,65 74,20 74,35 75,97 78,13 78,29 82,28 82,45 83,23 85,61 86,20 88,100 90,25 92,54 94,83 95,20 95,42 95,50 97,66 98,23 98,42 99,14 100,10 100,12 100,84 
1,44 1,75 6,34 6,63 6,65 6,90 7,56 8,93 9,48 9,58 9,63 10,30 10,86 11,70 12,54 20,68 23,44 23,59 25,44 27,54 27,72 29,51 30,32 30,53 31,12 31,17 31,33 31,62 32,27 32,61 33,20 33,55 36,52 37,78 38,47 39,51 42,54 43,20 43,92 44,18 44,84 45,84 47,22 48,100 49,29 49,30 50,24 51,53 51,86 52,44 53,76 53,88 54,30 55,98 59,25 59,48 60,49 60,66 61,87 62,2 65,39 65,82 66,93 67,26 67,27 70,1 70,72 71,51 71,94 72,16 76,65 77,9 77,81 79,6 79,59 79,77 79,82 79,96 82,60 83,49 84,12 86,15 87,29 88,5 89,3 89,78 90,31 92,32 93,94 94,98 96,5 96,31 96,64 96,90 97,25 97,45 98,82 99,15 99,84 
1,14 1,27 1,49 2,9 2,46 3,14 4,38 5,97 5,99 7,5 8,58 8,95 9,6 9,46 9,63 10,10 10,71 15,14 15,75 16,95 17,16 18,9 20,40 20,93 20,98 21,10 21,70 21,76 21,92 24,73 24,90 26,30 26,50 27,83 29,56 33,12 34,87 35,4 36,9 41,35 41,95 42,20 42,60 45,17 47,57 47,76 48,28 49,17 50,58 50,62 50,86 51,37 51,96 52,83 53,65 53,98 54,39 55,12 56,10 57,49 58,10 59,54 61,46 62,12 62,18 62,22 62,64 63,40 63,49 65,5 68,70 69,57 72,61 73,59 73,65 74,20 74,35 75,97 78,13 78,29 82,28 82,45 83,23 85,61 86,20 88,100 90,25 92,54 94,83 95,20 95,42 95,50 97,66 98,23 98,42 99,14 100,10 100,12 100,84 
1,6 1,91 3,2 3,95 4,89 5,15 6,94 7,74 10,46 10,94 11,13 14,67 15,74 16,94 17,83 17,86 18,54 19,31 19,47 20,78 20,88 21,68 21,71 21,95 22,72 22,81 25,18 27,25 27,49 29,3 29,27 29,39 33,25 34,44 34,55 34,84 35,69 37,13 38,31 38,92 40,90 42,29 43,91 44,97 45,17 46,6 47,10 47,23 47,72 48,20 50,97 51,31 51,59 54,36 54,95 58,21 59,18 59,64 59,76 63,38 67,13 69,62 70,72 70,73 73,93 75,34 75,53 75,79 75,87 76,72 79,90 81,33 81,65 82,80 85,78 87,10 87,52 87,71 88,74 88,86 89,50 90,63 91,4 91,28 91,48 91,75 92,52 92,61 92,99 94,25 94,34 94,99 95,23 95,100 96,70 97,70 99,5 100,91 100,98 
1,40 2,69 3,9 5,7 5,18 5,32 5,62 5,84 7,82 8,1 10,12 10,78 11,1 11,59 11,91 13,63 15,37 16,26 16,39 16,64 18,66 19,95 19,96 20,48 21,49 22,62 23,56 25,78 26,44 26,94 27,38 27,62 29,23 29,26 29,66 31,68 32,41 32,52 33,27 34,66 36,98 38,47 40,4 42,90 43,41 43,97 44,55 44,92 47,58 49,29 52,45 53,9 53,11 54,32 56,48 58,1 58,45 58,77 59,42 59,50 59,73 60,2 60,36 60,74 62,57 66,87 67,1 68,82 69,37 70,96 71,37 72,3 72,12 73,41 75,15 76,16 77,41 79,68 80,16 80,34 84,79 86,48 86,49 86,66 89,4 89,5 89,8 89,34 89,63 89,74 92,47 94,32 95,5 95,44 96,32 98,65 99,90 99,93 100,21 
1,14 1,27 1,49 2,9 2,46 3,14 4,38 5,97 5,99 7,5 8,58 8,95 9,6 9,46 9,63 10,10 10,71 15,14 15,75 16,95 17,16 18,9 20,40 20,93 20,98 21,10 21,70 21,76 21,92 24,73 24,90 26,30 26,50 27,83 29,56 33,12 34,87 35,4 36,9 41,35 41,95 42,20 42,60 45,17 47,57 47,76 48,28 49,17 50,58 50,62 50,86 51,37 51,96 52,83 53,65 53,98 54,39 55,12 56,10 57,49 58,10 59,54 61,46 62,12 62,18 62,22 62,64 63,40 63,49 65,5 68,70 69,57 72,61 73,59 73,65 74,20 74,35 75,97 78,13 78,29 82,28 82,45 83,23 85,61 86,20 88,100 90,25 92,54 94,83 95,20 95,42 95,50 97,66 98,23 98,42 99,14 100,10 100,12 100,84 
1,40 2,69 3,9 5,7 5,18 5,32 5,62 5,84 7,82 8,1 10,12 10,78 11,1 11,59 11,91 13,63 15,37 16,26 16,39 16,64 18,66 19,95 19,96 20,48 21,49 22,62 23,56 25,78 26,44 26,94 27,38 27,62 29,23 29,26 29,66 31,68 32,41 32,52 33,27 34,66 36,98 38,47 40,4 42,90 43,41 43,97 44,55 44,92 47,58 49,29 52,45 53,9 53,11 54,32 56,48 58,1 58,45 58,77 59,42 59,50 59,73 60,2 60,36 60,74 62,57 66,87 67,1 68,82 69,37 70,96 71,37 72,3 72,12 73,41 75,15 76,16 77,41 79,68 80,16 80,34 84,79 86,48 86,49 86,66 89,4 89,5 89,8 89,34 89,63 89,74 92,47 94,32 95,5 95,44 96,32 98,65 99,90 99,93 100,21 
1,6 1,91 3,2 3,95 4,89 5,15 6,94 7,74 10,46 10,94 11,13 14,67 15,74 16,94 17,83 17,86 18,54 19,31 19,47 20,78 20,88 21,68 21,71 21,95 22,72 22,81 25,18 27,25 27,49 29,3 29,27 29,39 33,25 34,44 34,55 34,84 35,69 37,13 38,31 38,92 40,90 42,29 43,91 44,97 45,17 46,6 47,10 47,23 47,72 48,20 50,97 51,31 51,59 54,36 54,95 58,21 59,18 59,64 59,76 63,38 67,13 69,62 70,72 70,73 73,93 75,34 75,53 75,79 75,87 76,72 79,90 81,33 81,65 82,80 85,78 87,10 87,52 87,71 88,74 88,86 89,50 90,63 91,4 91,28 91,48 91,75 92,52 92,61 92,99 94,25 94,34 94,99 95,23 95,100 96,70 97,70 99,5 100,91 100,98 
1,6 1,91 3,2 3,95 4,89 5,15 6,94 7,74 10,46 10,94 11,13 14,67 15,74 16,94 17,83 17,86 18,54 19,31 19,47 20,78 20,88 21,68 21,71 21,95 22,72 22,81 25,18 27,25 27,49 29,3 29,27 29,39 33,25 34,44 34,55 34,84 35,69 37,13 38,31 38,92 40,90 42,29 43,91 44,97 45,17 46,6 47,10 47,23 47,72 48,20 50,97 51,31 51,59 54,36 54,95 58,21 59,18 59,64 59,76 63,38 67,13 69,62 70,72 70,73 73,93 75,34 75,53 75,79 75,87 76,72 79,90 81,33 81,65 82,80 85,78 87,10 87,52 87,71 88,74 88,86 89,50 90,63 91,4 91,28 91,48 91,75 92,52 92,61 92,99 94,25 94,34 94,99 95,23 95,100 96,70 97,70 99,5 100,91 100,98 
1,44 1,75 6,34 6,63 6,65 6,90 7,56 8,93 9,48 9,58 9,63 10,30 10,86 11,70 12,54 20,68 23,44 23,59 25,44 27,54 27,72 29,51 30,32 30,53 31,12 31,17 31,33 31,62 32,27 32,61 33,20 33,55 36,52 37,78 38,47 39,51 42,54 43,20 43,92 44,18 44,84 45,84 47,22 48,100 49,29 49,30 50,24 51,53 51,86 52,44 53,76 53,88 54,30 55,98 59,25 59,48 60,49 60,66 61,87 62,2 65,39 65,82 66,93 67,26 67,27 70,1 70,72 71,51 71,94 72,16 76,65 77,9 77,81 79,6 79,59 79,77 79,82 79,96 82,60 83,49 84,12 86,15 87,29 88,5 89,3 89,78 90,31 92,32 93,94 94,98 96,5 96,31 96,64 96,90 97,25 97,45 98,82 99,15 99,84 
1,44 1,75 6,34 6,63 6,65 6,90 7,56 8,93 9,48 9,58 9,63 10,30 10,86 11,70 12,54 20,68 23,44 23,59 25,44 27,54 27,72 29,51 30,32 30,53 31,12 31,17 31,33 31,62 32,27 32,61 33,20 33,55 36,52 37,78 38,47 39,51 42,54 43,20 43,92 44,18 44,84 45,84 47,22 48,100 49,29 49,30 50,24 51,53 51,86 52,44 53,76 53,88 54,30 55,98 59,25 59,48 60,49 60,66 61,87 62,2 65,39 65,82 66,93 67,26 67,27 70,1 70,72 71,51 71,94 72,16 76,65 77,9 77,81 79,6 79,59 79,77 79,82 79,96 82,60 83,49 84,12 86,15 87,29 88,5 89,3 89,78 90,31 92,32 93,94 94,98 96,5 96,31 96,64 96,90 97,25 97,45 98,82 99,15 99,84 
1,44 1,75 6,34 6,63 6,65 6,90 7,56 8,93 9,48 9,58 9,63 10,30 10,86 11,70 12,54 20,68 23,44 23,59 25,44 27,54 27,72 29,51 30,32 30,53 31,12 31,17 31,33 31,62 32,27 32,61 33,20 33,55 36,52 37,78 38,47 39,51 42,54 43,20 43,92 44,18 44,84 45,84 47,22 48,100 49,29 49,30 50,24 51,53 51,86 52,44 53,76 53,88 54,30 55,98 59,25 59,48 60,49 60,66 61,87 62,2 65,39 65,82 66,93 67,26 67,27 70,1 70,72 71,51 71,94 72,16 76,65 77,9 77,81 79,6 79,59 79,77 79,82 79,96 82,60 83,49 84,12 86,15 87,29 88,5 89,3 89,78 90,31 92,32 93,94 94,98 96,5 96,31 96,64 96,90 97,25 97,45 98,82 99,15 99,84 
1,40 2,69 3,9 5,7 5,18 5,32 5,62 5,84 7,82 8,1 10,12 10,78 11,1 11,59 11,91 13,63 15,37 16,26 16,39 16,64 18,66 19,95 19,96 20,48 21,49 22,62 23,56 25,78 26,44 26,94 27,38 27,62 29,23 29,26 29,66 31,68 32,41 32,52 33,27 34,66 36,98 38,47 40,4 42,90 43,41 43,97 44,55 44,92 47,58 49,29 52,45 53,9 53,11 54,32 56,48 58,1 58,45 58,77 59,42 59,50 59,73 60,2 60,36 60,74 62,57 66,87 67,1 68,82 69,37 70,96 71,37 72,3 72,12 73,41 75,15 76,16 77,41 79,68 80,16 80,34 84,79 86,48 86,49 86,66 89,4 89,5 89,8 89,34 89,63 89,74 92,47 94,32 95,5 95,44 96,32 98,65 99,90 99,93 100,21 
1,14 1,27 1,49 2,9 2,46 3,14 4,38 5,97 5,99 7,5 8,58 8,95 9,6 9,46 9,63 10,10 10,71 15,14 15,75 16,95 17,16 18,9 20,40 20,93 20,98 21,10 21,70 21,76 21,92 24,73 24,90 26,30 26,50 27,83 29,56 33,12 34,87 35,4 36,9 41,35 41,95 42,20 42,60 45,17 47,57 47,76 48,28 49,17 50,58 50,62 50,86 51,37 51,96 52,83 53,65 53,98 54,39 55,12 56,10 57,49 58,10 59,54 61,46 62,12 62,18 62,22 62,64 63,40 63,49 65,5 68,70 69,57 72,61 73,59 73,65 74,20 74,35 75,97 78,13 78,29 82,28 82,45 83,23 85,61 86,20 88,100 90,25 92,54 94,83 95,20 95,42 95,50 97,66 98,23 98,42 99,14 100,10 100,12 100,84 
1,40 2,69 3,9 5,7 5,18 5,32 5,62 5,84 7,82 8,1 10,12 10,78 11,1 11,59 11,91 13,63 15,37 16,26 16,39 16,64 18,66 19,95 19,96 20,48 21,49 22,62 23,56 25,78 26,44 26,94 27,38 27,62 29,23 29,26 29,66 31,68 32,41 32,52 33,27 34,66 36,98 38,47 40,4 42,90 43,41 43,97 44,55 44,92 47,58 49,29 52,45 53,9 53,11 54,32 56,48 58,1 58,45 58,77 59,42 59,50 59,73 60,2 60,36 60,74 62,57 66,87 67,1 68,82 69,37 70,96 71,37 72,3 72,12 73,41 75,15 76,16 77,41 79,68 80,16 80,34 84,79 86,48 86,49 86,66 89,4 89,5 89,8 89,34 89,63 89,74 92,47 94,32 95,5 95,44 96,32 98,65 99,90 99,93 100,21 
1,44 1,75 6,34 6,63 6,65 6,90 7,56 8,93 9,48 9,58 9,63 10,30 10,86 11,70 12,54 20,68 23,44 23,59 25,44 27,54 27,72 29,51 30,32 30,53 31,12 31,17 31,33 31,62 32,27 32,61 33,20 33,55 36,52 37,78 38,47 39,51 42,54 43,20 43,92 44,18 44,84 45,84 47,22 48,100 49,29 49,30 50,24 51,53 51,86 52,44 53,76 53,88 54,30 55,98 59,25 59,48 60,49 60,66 61,87 62,2 65,39 65,82 66,93 67,26 67,27 70,1 70,72 71,51 71,94 72,16 76,65 77,9 77,81 79,6 79,59 79,77 79,82 79,96 82,60 83,49 84,12 86,15 87,29 88,5 89,3 89,78 90,31 92,32 93,94 94,98 96,5 96,31 96,64 96,90 97,25 97,45 98,82 99,15 99,84 
1,14 1,27 1,49 2,9 2,46 3,14 4,38 5,97 5,99 7,5 8,58 8,95 9,6 9,46 9,63 10,10 10,71 15,14 15,75 16,95 17,16 18,9 20,40 20,93 20,98 21,10 21,70 21,76 21,92 24,73 24,90 26,30 26,50 27,83 29,56 33,12 34,87 35,4 36,9 41,35 41,95 42,20 42,60 45,17 47,57 47,76 48,28 49,17 50,58 50,62 50,86 51,37 51,96 52,83 53,65 53,98 54,39 55,12 56,10 57,49 58,10 59,54 61,46 62,12 62,18 62,22 62,64 63,40 63,49 65,5 68,70 69,57 72,61 73,59 73,65 74,20 74,35 75,97 78,13 78,29 82,28 82,45 83,23 85,61 86,20 88,100 90,25 92,54 94,83 95,20 95,42 95,50 97,66 98,23 98,42 99,14 100,10 100,12 100,84 
1,44 1,75 6,34 6,63 6,65 6,90 7,56 8,93 9,48 9,58 9,63 10,30 10,86 11,70 12,54 20,68 23,44 23,59 25,44 27,54 27,72 29,51 30,32 30,53 31,12 31,17 31,33 31,62 32,27 32,61 33,20 33,55 36,52 37,78 38,47 39,51 42,54 43,20 43,92 44,18 44,84 45,84 47,22 48,100 49,29 49,30 50,24 51,53 51,86 52,44 53,76 53,88 54,30 55,98 59,25 59,48 60,49 60,66 61,87 62,2 65,39 65,82 66,93 67,26 67,27 70,1 70,72 71,51 71,94 72,16 76,65 77,9 77,81 79,6 79,59 79,77 79,82 79,96 82,60 83,49 84,12 86,15 87,29 88,5 89,3 89,78 90,31 92,32 93,94 94,98 96,5 96,31 96,64 96,90 97,25 97,45 98,82 99,15 99,84 
1,44 1,75 6,34 6,63 6,65 6,90 7,56 8,93 9,48 9,58 9,63 10,30 10,86 11,70 12,54 20,68 23,44 23,59 25,44 27,54 27,72 29,51 30,32 30,53 31,12 31,17 31,33 31,62 32,27 32,61 33,20 33,55 36,52 37,78 38,47 39,51 42,54 43,20 43,92 44,18 44,84 45,84 47,22 48,100 49,29 49,30 50,24 51,53 51,86 52,44 53,76 53,88 54,30 55,98 59,25 59,48 60,49 60,66 61,87 62,2 65,39 65,82 66,93 67,26 67,27 70,1 70,72 71,51 71,94 72,16 76,65 77,9 77,81 79,6 79,59 79,77 79,82 79,96 82,60 83,49 84,12 86,15 87,29 88,5 89,3 89,78 90,31 92,32 93,94 94,98 96,5 96,31 96,64 96,90 97,25 97,45 98,82 99,15 99,84 
1,14 1,27 1,49 2,9 2,46 3,14 4,38 5,97 5,99 7,5 8,58 8,95 9,6 9,46 9,63 10,10 10,71 15,14 15,75 16,95 17,16 18,9 20,40 20,93 20,98 21,10 21,70 21,76 21,92 24,73 24,90 26,30 26,50 27,83 29,56 33,12 34,87 35,4 36,9 41,35 41,95 42,20 42,60 45,17 47,57 47,76 48,28 49,17 50,58 50,62 50,86 51,37 51,96 52,83 53,65 53,98 54,39 55,12 56,10 57,49 58,10 59,54 61,46 62,12 62,18 62,22 62,64 63,40 63,49 65,5 68,70 69,57 72,61 73,59 73,65 74,20 74,35 75,97 78,13 78,29 82,28 82,45 83,23 85,61 86,20 88,100 90,25 92,54 94,83 95,20 95,42 95,50 97,66 98,23 98,42 99,14 100,10 100,12 100,84 
1,44 1,75 6,34 6,63 6,65 6,90 7,56 8,93 9,48 9,58 9,63 10,30 10,86 11,70 12,54 20,68 23,44 23,59 25,44 27,54 27,72 29,51 30,32 30,53 31,12 31,17 31,33 31,62 32,27 32,61 33,20 33,55 36,52 37,78 38,47 39,51 42,54 43,20 43,92 44,18 44,84 45,84 47,22 48,100 49,29 49,30 50,24 51,53 51,86 52,44 53,76 53,88 54,30 55,98 59,25 59,48 60,49 60,66 61,87 62,2 65,39 65,82 66,93 67,26 67,27 70,1 70,72 71,51 71,94 72,16 76,65 77,9 77,81 79,6 79,59 79,77 79,82 79,96 82,60 83,49 84,12 86,15 87,29 88,5 89,3 89,78 90,31 92,32 93,94 94,98 96,5 96,31 96,64 96,90 97,25 97,45 98,82 99,15 99,84 
1,6 1,91 3,2 3,95 4,89 5,15 6,94 7,74 10,46 10,94 11,13 14,67 15,74 16,94 17,83 17,86 18,54 19,31 19,47 20,78 20,88 21,68 21,71 21,95 22,72 22,81 25,18 27,25 27,49 29,3 29,27 29,39 33,25 34,44 34,55 34,84 35,69 37,13 38,31 38,92 40,90 42,29 43,91 44,97 45,17 46,6 47,10 47,23 47,72 48,20 50,97 51,31 51,59 54,36 54,95 58,21 59,18 59,64 59,76 63,38 67,13 69,62 70,72 70,73 73,93 75,34 75,53 75,79 75,87 76,72 79,90 81,33 81,65 82,80 85,78 87,10 87,52 87,71 88,74 88,86 89,50 90,63 91,4 91,28 91,48 91,75 92,52 92,61 92,99 94,25 94,34 94,99 95,23 95,100 96,70 97,70 99,5 100,91 100,98 
1,40 2,69 3,9 5,7 5,18 5,32 5,62 5,84 7,82 8,1 10,12 10,78 11,1 11,59 11,91 13,63 15,37 16,26 16,39 16,64 18,66 19,95 19,96 20,48 21,49 22,62 23,56 25,78 26,44 26,94 27,38 27,62 29,23 29,26 29,66 31,68 32,41 32,52 33,27 34,66 36,98 38,47 40,4 42,90 43,41 43,97 44,55 44,92 47,58 49,29 52,45 53,9 53,11 54,32 56,48 58,1 58,45 58,77 59,42 59,50 59,73 60,2 60,36 60,74 62,57 66,87 67,1 68,82 69,37 70,96 71,37 72,3 72,12 73,41 75,15 76,16 77,41 79,68 80,16 80,34 84,79 86,48 86,49 86,66 89,4 89,5 89,8 89,34 89,63 89,74 92,47 94,32 95,5 95,44 96,32 98,65 99,90 99,93 100,21 
1,40 2,69 3,9 5,7 5,18 5,32 5,62 5,84 7,82 8,1 10,12 10,78 11,1 11,59 11,91 13,63 15,37 16,26 16,39 16,64 18,66 19,95 19,96 20,48 21,49 22,62 23,56 25,78 26,44 26,94 27,38 27,62 29,23 29,26 29,66 31,68 32,41 32,52 33,27 34,66 36,98 38,47 40,4 42,90 43,41 43,97 44,55 44,92 47,58 49,29 52,45 53,9 53,11 54,32 56,48 58,1 58,45 58,77 59,42 59,50 59,73 60,2 60,36 60,74 62,57 66,87 67,1 68,82 69,37 70,96 71,37 72,3 72,12 73,41 75,15 76,16 77,41 79,68 80,16 80,34 84,79 86,48 86,49 86,66 89,4 89,5 89,8 89,34 89,63 89,74 92,47 94,32 95,5 95,44 96,32 98,65 99,90 99,93 100,21 
1,14 1,27 1,49 2,9 2,46 3,14 4,38 5,97 5,99 7,5 8,58 8,95 9,6 9,46 9,63 10,10 10,71 15,14 15,75 16,95 17,16 18,9 20,40 20,93 20,98 21,10 21,70 21,76 21,92 24,73 24,90 26,30 26,50 27,83 29,56 33,12 34,87 35,4 36,9 41,35 41,95 42,20 42,60 45,17 47,57 47,76 48,28 49,17 50,58 50,62 50,86 51,37 51,96 52,83 53,65 53,98 54,39 55,12 56,10 57,49 58,10 59,54 61,46 62,12 62,18 62,22 62,64 63,40 63,49 65,5 68,70 69,57 72,61 73,59 73,65 74,20 74,35 75,97 78,13 78,29 82,28 82,45 83,23 85,61 86,20 88,100 90,25 92,54 94,83 95,20 95,42 95,50 97,66 98,23 98,42 99,14 100,10 100,12 100,84 
1,40 2,69 3,9 5,7 5,18 5,32 5,62 5,84 7,82 8,1 10,12 10,78 11,1 11,59 11,91 13,63 15,37 16,26 16,39 16,64 18,66 19,95 19,96 20,48 21,49 22,62 23,56 25,78 26,44 26,94 27,38 27,62 29,23 29,26 29,66 31,68 32,41 32,52 33,27 34,66 36,98 38,47 40,4 42,90 43,41 43,97 44,55 44,92 47,58 49,29 52,45 53,9 53,11 54,32 56,48 58,1 58,45 58,77 59,42 59,50 59,73 60,2 60,36 60,74 62,57 66,87 67,1 68,82 69,37 70,96 71,37 72,3 72,12 73,41 75,15 76,16 77,41 79,68 80,16 80,34 84,79 86,48 86,49 86,66 89,4 89,5 89,8 89,34 89,63 89,74 92,47 94,32 95,5 95,44 96,32 98,65 99,90 99,93 100,21 
1,14 1,27 1,49 2,9 2,46 3,14 4,38 5,97 5,99 7,5 8,58 8,95 9,6 9,46 9,63 10,10 10,71 15,14 15,75 16,95 17,16 18,9 20,40 20,93 20,98 21,10 21,70 21,76 21,92 24,73 24,90 26,30 26,50 27,83 29,56 33,12 34,87 35,4 36,9 41,35 41,95 42,20 42,60 45,17 47,57 47,76 48,28 49,17 50,58 50,62 50,86 51,37 51,96 52,83 53,65 53,98 54,39 55,12 56,10 57,49 58,10 59,54 61,46 62,12 62,18 62,22 62,64 63,40 63,49 65,5 68,70 69,57 72,61 73,59 73,65 74,20 74,35 75,97 78,13 78,29 82,28 82,45 83,23 85,61 86,20 88,100 90,25 92,54 94,83 95,20 95,42 95,50 97,66 98,23 98,42 99,14 100,10 100,12 100,84 
1,6 1,91 3,2 3,95 4,89 5,15 6,94 7,74 10,46 10,94 11,13 14,67 15,74 16,94 17,83 17,86 18,54 19,31 19,47 20,78 20,88 21,68 21,71 21,95 22,72 22,81 25,18 27,25 27,49 29,3 29,27 29,39 33,25 34,44 34,55 34,84 35,69 37,13 38,31 38,92 40,90 42,29 43,91 44,97 45,17 46,6 47,10 47,23 47,72 48,20 50,97 51,31 51,59 54,36 54,95 58,21 59,18 59,64 59,76 63,38 67,13 69,62 70,72 70,73 73,93 75,34 75,53 75,79 75,87 76,72 79,90 81,33 81,65 82,80 85,78 87,10 87,52 87,71 88,74 88,86 89,50 90,63 91,4 91,28 91,48 91,75 92,52 92,61 92,99 94,25 94,34 94,99 95,23 95,100 96,70 97,70 99,5 100,91 100,98 
1,14 1,27 1,49 2,9 2,46 3,14 4,38 5,97 5,99 7,5 8,58 8,95 9,6 9,46 9,63 10,10 10,71 15,14 15,75 16,95 17,16 18,9 20,40 20,93 20,98 21,10 21,70 21,76 21,92 24,73 24,90 26,30 26,50 27,83 29,56 33,12 34,87 35,4 36,9 41,35 41,95 42,20 42,60 45,17 47,57 47,76 48,28 49,17 50,58 50,62 50,86 51,37 51,96 52,83 53,65 53,98 54,39 55,12 56,10 57,49 58,10 59,54 61,46 62,12 62,18 62,22 62,64 63,40 63,49 65,5 68,70 69,57 72,61 73,59 73,65 74,20 74,35 75,97 78,13 78,29 82,28 82,45 83,23 85,61 86,20 88,100 90,25 92,54 94,83 95,20 95,42 95,50 97,66 98,23 98,42 99,14 100,10 100,12 100,84 
1,6 1,91 3,2 3,95 4,89 5,15 6,94 7,74 10,46 10,94 11,13 14,67 15,74 16,94 17,83 17,86 18,54 19,31 19,47 20,78 20,88 21,68 21,71 21,95 22,72 22,81 25,18 27,25 27,49 29,3 29,27 29,39 33,25 34,44 34,55 34,84 35,69 37,13 38,31 38,92 40,90 42,29 43,91 44,97 45,17 46,6 47,10 47,23 47,72 48,20 50,97 51,31 51,59 54,36 54,95 58,21 59,18 59,64 59,76 63,38 67,13 69,62 70,72 70,73 73,93 75,34 75,53 75,79 75,87 76,72 79,90 81,33 81,65 82,80 85,78 87,10 87,52 87,71 88,74 88,86 89,50 90,63 91,4 91,28 91,48 91,75 92,52 92,61 92,99 94,25 94,34 94,99 95,23 95,100 96,70 97,70 99,5 100,91 100,98 
1,14 1,27 1,49 2,9 2,46 3,14 4,38 5,97 5,99 7,5 8,58 8,95 9,6 9,46 9,63 10,10 10,71 15,14 15,75 16,95 17,16 18,9 20,40 20,93 20,98 21,10 21,70 21,76 21,92 24,73 24,90 26,30 26,50 27,83 29,56 33,12 34,87 35,4 36,9 41,35 41,95 42,20 42,60 45,17 47,57 47,76 48,28 49,17 50,58 50,62 50,86 51,37 51,96 52,83 53,65 53,98 54,39 55,12 56,10 57,49 58,10 59,54 61,46 62,12 62,18 62,22 62,64 63,40 63,49 65,5 68,70 69,57 72,61 73,59 73,65 74,20 74,35 75,97 78,13 78,29 82,28 82,45 83,23 85,61 86,20 88,100 90,25 92,54 94,83 95,20 95,42 95,50 97,66 98,23 98,42 99,14 100,10 100,12 100,84 
1,44 1,75 6,34 6,63 6,65 6,90 7,56 8,93 9,48 9,58 9,63 10,30 10,86 11,70 12,54 20,68 23,44 23,59 25,44 27,54 27,72 29,51 30,32 30,53 31,12 31,17 31,33 31,62 32,27 32,61 33,20 33,55 36,52 37,78 38,47 39,51 42,54 43,20 43,92 44,18 44,84 45,84 47,22 48,100 49,29 49,30 50,24 51,53 51,86 52,44 53,76 53,88 54,30 55,98 59,25 59,48 60,49 60,66 61,87 62,2 65,39 65,82 66,93 67,26 67,27 70,1 70,72 71,51 71,94 72,16 76,65 77,9 77,81 79,6 79,59 79,77 79,82 79,96 82,60 83,49 84,12 86,15 87,29 88,5 89,3 89,78 90,31 92,32 93,94 94,98 96,5 96,31 96,64 96,90 97,25 97,45 98,82 99,15 99,84 
1,14 1,27 1,49 2,9 2,46 3,14 4,38 5,97 5,99 7,5 8,58 8,95 9,6 9,46 9,63 10,10 10,71 15,14 15,75 16,95 17,16 18,9 20,40 20,93 20,98 21,10 21,70 21,76 21,92 24,73 24,90 26,30 26,50 27,83 29,56 33,12 34,87 35,4 36,9 41,35 41,95 42,20 42,60 45,17 47,57 47,76 48,28 49,17 50,58 50,62 50,86 51,37 51,96 52,83 53,65 53,98 54,39 55,12 56,10 57,49 58,10 59,54 61,46 62,12 62,18 62,22 62,64 63,40 63,49 65,5 68,70 69,57 72,61 73,59 73,65 74,20 74,35 75,97 78,13 78,29 82,28 82,45 83,23 85,61 86,20 88,100 90,25 92,54 94,83 95,20 95,42 95,50 97,66 98,23 98,42 99,14 100,10 100,12 100,84 
