10 15 3
1,1 3,8 4,7 5,1 5,5 7,4 7,10 9,3 9,7 
1,3 2,2 4,4 4,6 5,3 8,10 10,1 10,6 10,7 
1,1 3,8 4,7 5,1 5,5 7,4 7,10 9,3 9,7 
1,7 2,3 2,7 3,3 4,5 4,10 5,6 10,3 10,7 
1,1 3,8 4,7 5,1 5,5 7,4 7,10 9,3 9,7 
1,3 2,2 4,4 4,6 5,3 8,10 10,1 10,6 10,7 
1,1 3,8 4,7 5,1 5,5 7,4 7,10 9,3 9,7 
1,1 3,8 4,7 5,1 5,5 7,4 7,10 9,3 9,7 
1,1 3,8 4,7 5,1 5,5 7,4 7,10 9,3 9,7 
1,7 2,3 2,7 3,3 4,5 4,10 5,6 10,3 10,7 
1,1 3,8 4,7 5,1 5,5 7,4 7,10 9,3 9,7 
1,1 3,8 4,7 5,1 5,5 7,4 7,10 9,3 9,7 
1,7 2,3 2,7 3,3 4,5 4,10 5,6 10,3 10,7 
1,7 2,3 2,7 3,3 4,5 4,10 5,6 10,3 10,7 
1,7 2,3 2,7 3,3 4,5 4,10 5,6 10,3 10,7 
